# Time-averaged data for fix boxVol
# TimeStep v_boxVol
0 288811
10 288674
20 288589
30 288505
40 288439
50 288378
60 288321
70 288295
80 288299
90 288183
100 288059
110 287995
120 287947
130 287985
140 287899
150 287968
160 288058
170 288125
180 288135
190 288142
200 288156
210 288252
220 288327
230 288327
240 288407
250 288442
260 288450
270 288455
280 288547
290 288613
300 288632
310 288604
320 288690
330 288818
340 288952
350 288922
360 288963
370 289129
380 289255
390 289236
400 289129
410 288996
420 288952
430 288965
440 288894
450 288858
460 288818
470 288780
480 288788
490 288848
500 288899
510 288844
520 288736
530 288574
540 288491
550 288393
560 288325
570 288219
580 288148
590 288199
600 288280
610 288358
620 288463
630 288581
640 288612
650 288596
660 288516
670 288424
680 288297
690 288173
700 288210
710 288201
720 288226
730 288007
740 287966
750 288044
760 288185
770 288179
780 288316
790 288451
800 288539
810 288552
820 288623
830 288766
840 288875
850 289004
860 289055
870 289102
880 289094
890 289167
900 289293
910 289513
920 289623
930 289676
940 289677
950 289802
960 289790
970 289614
980 289483
990 289508
1000 289516
1010 289575
1020 289504
1030 289370
1040 289371
1050 289435
1060 289498
1070 289534
1080 289511
1090 289348
1100 289305
1110 289288
1120 289263
1130 289218
1140 289223
1150 289197
1160 289073
1170 288979
1180 288924
1190 288984
1200 288933
1210 288812
1220 288841
1230 288876
1240 288866
1250 288783
1260 288763
1270 288715
1280 288769
1290 288827
1300 288869
1310 288875
1320 288893
1330 288957
1340 289107
1350 289137
1360 289208
1370 289098
1380 289051
1390 289087
1400 288962
1410 288908
1420 288762
1430 288652
1440 288564
1450 288553
1460 288487
1470 288378
1480 288384
1490 288327
1500 288254
1510 288218
1520 288271
1530 288202
1540 288234
1550 288283
1560 288277
1570 288324
1580 288414
1590 288426
1600 288539
1610 288610
1620 288651
1630 288628
1640 288680
1650 288765
1660 288808
1670 288800
1680 288796
1690 288812
1700 288778
1710 288747
1720 288724
1730 288809
1740 288896
1750 288876
1760 288905
1770 288961
1780 288877
1790 288895
1800 288960
1810 288810
1820 288819
1830 288925
1840 288974
1850 288969
1860 288881
1870 288812
1880 288944
1890 288941
1900 288983
1910 289006
1920 289028
1930 288990
1940 288925
1950 288889
1960 288830
1970 288794
1980 288683
1990 288578
2000 288533
2010 288470
2020 288458
2030 288506
2040 288469
2050 288367
2060 288228
2070 288193
2080 288194
2090 288266
2100 288319
2110 288272
2120 288302
2130 288254
2140 288232
2150 288235
2160 288266
2170 288131
2180 288069
2190 288008
2200 287917
2210 287869
2220 287992
2230 288095
2240 288090
2250 288135
2260 288251
2270 288330
2280 288380
2290 288446
2300 288442
2310 288576
2320 288676
2330 288677
2340 288605
2350 288547
2360 288614
2370 288614
2380 288565
2390 288591
2400 288709
2410 288756
2420 288713
2430 288666
2440 288520
2450 288493
2460 288552
2470 288613
2480 288744
2490 288776
2500 288873
2510 288976
2520 289040
2530 288956
2540 288801
2550 288773
2560 288764
2570 288839
2580 288755
2590 288806
2600 288942
2610 288959
2620 289036
2630 289120
2640 289117
2650 289109
2660 289137
2670 289124
2680 289096
2690 288949
2700 288808
2710 288650
2720 288726
2730 288797
2740 288798
2750 288784
2760 288805
2770 288639
2780 288486
2790 288459
2800 288519
2810 288621
2820 288665
2830 288573
2840 288412
2850 288376
2860 288336
2870 288305
2880 288335
2890 288261
2900 288186
2910 288095
2920 287991
2930 288065
2940 288169
2950 288199
2960 288358
2970 288517
2980 288569
2990 288529
3000 288483
3010 288417
3020 288438
3030 288456
3040 288471
3050 288478
3060 288431
3070 288369
3080 288280
3090 288299
3100 288270
3110 288250
3120 288385
3130 288588
3140 288711
3150 288727
3160 288844
3170 288911
3180 288899
3190 288829
3200 288782
3210 288663
3220 288572
3230 288497
3240 288444
3250 288372
3260 288278
3270 288297
3280 288349
3290 288354
3300 288298
3310 288274
3320 288241
3330 288153
3340 288042
3350 288029
3360 287939
3370 287946
3380 288031
3390 288098
3400 288273
3410 288350
3420 288328
3430 288315
3440 288278
3450 288257
3460 288047
3470 287955
3480 287997
3490 288007
3500 287978
3510 287937
3520 287955
3530 287928
3540 287976
3550 287924
3560 288004
3570 288063
3580 288137
3590 288162
3600 288232
3610 288218
3620 288389
3630 288518
3640 288664
3650 288760
3660 288625
3670 288480
3680 288425
3690 288493
3700 288591
3710 288732
3720 288915
3730 288990
3740 289061
3750 289046
3760 289025
3770 288943
3780 288881
3790 288939
3800 289127
3810 289238
3820 289284
3830 289156
3840 289058
3850 289020
3860 289017
3870 289146
3880 289250
3890 289198
3900 289172
3910 289204
3920 289311
3930 289306
3940 289460
3950 289577
3960 289519
3970 289481
3980 289391
3990 289292
4000 289183
4010 288996
4020 288866
4030 288696
4040 288517
4050 288510
4060 288550
4070 288511
4080 288629
4090 288666
4100 288626
4110 288581
4120 288559
4130 288496
4140 288431
4150 288349
4160 288391
4170 288438
4180 288298
4190 288294
4200 288223
4210 288135
4220 288142
4230 288204
4240 288197
4250 288177
4260 288143
4270 288133
4280 288309
4290 288398
4300 288453
4310 288430
4320 288374
4330 288297
4340 288255
4350 288272
4360 288337
4370 288261
4380 288222
4390 288177
4400 288148
4410 288061
4420 288010
4430 288094
4440 288293
4450 288411
4460 288461
4470 288613
4480 288686
4490 288702
4500 288797
4510 288779
4520 288783
4530 288797
4540 288803
4550 288901
4560 289024
4570 289005
4580 288917
4590 288769
4600 288727
4610 288724
4620 288673
4630 288610
4640 288512
4650 288356
4660 288335
4670 288323
4680 288393
4690 288373
4700 288436
4710 288379
4720 288178
4730 288078
4740 288168
4750 288260
4760 288206
4770 288088
4780 288063
4790 288150
4800 288121
4810 288020
4820 288078
4830 288065
4840 288111
4850 288108
4860 288041
4870 287903
4880 287824
4890 287762
4900 287836
4910 287798
4920 287761
4930 287630
4940 287720
4950 287863
4960 287971
4970 288008
4980 288153
4990 288221
5000 288305
5010 288452
5020 288612
5030 288716
5040 288777
5050 288797
5060 288769
5070 288789
5080 288881
5090 288795
5100 288664
5110 288535
5120 288423
5130 288430
5140 288325
5150 288257
5160 288226
5170 288199
5180 288204
5190 288251
5200 288317
5210 288432
5220 288428
5230 288326
5240 288271
5250 288227
5260 288209
5270 288137
5280 288058
5290 288030
5300 288007
5310 287966
5320 288042
5330 288146
5340 288299
5350 288418
5360 288540
5370 288592
5380 288721
5390 288792
5400 288973
5410 289054
5420 289068
5430 289059
5440 288992
5450 288947
5460 289065
5470 289208
5480 289352
5490 289411
5500 289400
5510 289306
5520 289375
5530 289473
5540 289469
5550 289429
5560 289265
5570 289092
5580 289180
5590 289187
5600 289132
5610 289084
5620 289059
5630 288958
5640 288873
5650 288802
5660 288864
5670 289030
5680 289158
5690 289313
5700 289386
5710 289569
5720 289555
5730 289490
5740 289409
5750 289343
5760 289286
5770 289182
5780 289145
5790 289085
5800 289023
5810 288962
5820 288897
5830 288772
5840 288688
5850 288615
5860 288620
5870 288585
5880 288574
5890 288653
5900 288781
5910 288904
5920 288964
5930 289049
5940 289125
5950 289125
5960 289010
5970 288981
5980 288957
5990 288976
6000 288894
6010 288870
6020 288924
6030 288973
6040 289044
6050 288977
6060 288882
6070 288793
6080 288801
6090 288829
6100 288798
6110 288760
6120 288667
6130 288664
6140 288563
6150 288651
6160 288547
6170 288541
6180 288661
6190 288811
6200 288945
6210 288965
6220 289012
6230 289096
6240 289162
6250 289215
6260 289234
6270 289179
6280 289152
6290 289116
6300 289061
6310 288994
6320 289022
6330 289087
6340 288954
6350 288834
6360 288735
6370 288786
6380 288909
6390 288884
6400 288796
6410 288767
6420 288709
6430 288647
6440 288583
6450 288567
6460 288603
6470 288541
6480 288519
6490 288671
6500 288760
6510 288704
6520 288759
6530 288864
6540 288827
6550 288723
6560 288566
6570 288605
6580 288670
6590 288650
6600 288590
6610 288561
6620 288552
6630 288515
6640 288521
6650 288695
6660 288700
6670 288708
6680 288694
6690 288595
6700 288594
6710 288662
6720 288704
6730 288784
6740 288820
6750 288887
6760 288987
6770 288952
6780 288964
6790 288861
6800 288881
6810 288910
6820 288889
6830 288995
6840 289107
6850 289185
6860 289238
6870 289201
6880 289330
6890 289331
6900 289252
6910 289184
6920 289086
6930 288994
6940 288927
6950 288998
6960 289050
6970 288955
6980 288859
6990 288791
7000 288638
7010 288528
7020 288441
7030 288350
7040 288238
7050 288185
7060 288231
7070 288323
7080 288396
7090 288424
7100 288494
7110 288543
7120 288541
7130 288562
7140 288424
7150 288291
7160 288147
7170 288146
7180 288128
7190 288115
7200 288258
7210 288385
7220 288534
7230 288654
7240 288722
7250 288696
7260 288736
7270 288803
7280 288893
7290 288875
7300 288854
7310 288885
7320 288839
7330 288956
7340 289148
7350 289182
7360 289190
7370 289164
7380 289126
7390 289053
7400 288926
7410 288926
7420 288924
7430 288925
7440 289032
7450 289084
7460 289074
7470 289034
7480 289049
7490 289158
7500 289188
7510 289222
7520 289175
7530 289158
7540 289121
7550 289129
7560 289153
7570 289065
7580 288998
7590 288939
7600 288725
7610 288619
7620 288567
7630 288592
7640 288507
7650 288478
7660 288558
7670 288625
7680 288772
7690 288843
7700 288875
7710 288829
7720 288779
7730 288795
7740 288824
7750 288777
7760 288720
7770 288627
7780 288627
7790 288712
7800 288776
7810 288773
7820 288692
7830 288674
7840 288726
7850 288822
7860 288914
7870 288943
7880 288869
7890 288804
7900 288779
7910 288825
7920 288865
7930 288897
7940 288879
7950 288823
7960 288770
7970 288852
7980 288827
7990 288649
8000 288590
8010 288493
8020 288373
8030 288319
8040 288271
8050 288165
8060 288156
8070 288130
8080 288160
8090 288141
8100 288042
8110 287941
8120 287938
8130 287907
8140 288006
8150 287956
8160 287905
8170 287827
8180 287911
8190 287921
8200 287925
8210 287875
8220 287812
8230 287832
8240 287899
8250 288014
8260 288062
8270 287954
8280 287901
8290 287772
8300 287694
8310 287727
8320 287769
8330 287815
8340 287925
8350 288050
8360 288126
8370 288142
8380 288222
8390 288291
8400 288335
8410 288420
8420 288604
8430 288701
8440 288688
8450 288696
8460 288728
8470 288730
8480 288778
8490 288790
8500 288858
8510 288880
8520 288929
8530 288947
8540 288946
8550 288949
8560 288970
8570 288847
8580 288716
8590 288657
8600 288760
8610 288706
8620 288620
8630 288666
8640 288693
8650 288756
8660 288619
8670 288596
8680 288451
8690 288373
8700 288405
8710 288540
8720 288402
8730 288388
8740 288244
8750 288122
8760 287967
8770 287941
8780 288089
8790 288218
8800 288244
8810 288261
8820 288223
8830 288246
8840 288205
8850 288172
8860 288115
8870 288149
8880 288167
8890 288181
8900 288295
8910 288295
8920 288411
8930 288575
8940 288613
8950 288722
8960 288743
8970 288714
8980 288796
8990 288857
9000 288806
9010 288727
9020 288663
9030 288588
9040 288524
9050 288453
9060 288432
9070 288433
9080 288355
9090 288290
9100 288208
9110 288191
9120 288172
9130 288238
9140 288256
9150 288226
9160 288062
9170 287968
9180 287956
9190 288043
9200 288121
9210 288200
9220 288281
9230 288289
9240 288403
9250 288454
9260 288419
9270 288460
9280 288464
9290 288404
9300 288320
9310 288252
9320 288236
9330 288252
9340 288370
9350 288354
9360 288272
9370 288174
9380 288221
9390 288250
9400 288206
9410 288135
9420 288085
9430 288078
9440 287965
9450 287831
9460 287822
9470 287847
9480 287830
9490 287871
9500 287836
9510 287778
9520 287765
9530 287796
9540 287710
9550 287688
9560 287580
9570 287472
9580 287520
9590 287578
9600 287631
9610 287655
9620 287618
9630 287634
9640 287661
9650 287660
9660 287741
9670 287761
9680 287713
9690 287760
9700 287704
9710 287564
9720 287480
9730 287450
9740 287454
9750 287534
9760 287518
9770 287618
9780 287656
9790 287656
9800 287689
9810 287778
9820 287784
9830 287891
9840 287904
9850 287863
9860 287827
9870 287768
9880 287685
9890 287554
9900 287585
9910 287575
9920 287480
9930 287492
9940 287457
9950 287314
9960 287199
9970 287047
9980 286966
9990 287036
10000 287016
