# Fix print output for fix etot
-3984.2423376610240666
-3984.5160715117349355
-3984.5445925427229668
-3984.3789062829109753
-3984.5517386891533533
-3984.0663662091460537
-3984.4883395815681979
-3984.8727821425145521
-3984.0383702306139639
-3983.9535369976606489
-3984.5235664450310651
-3984.4932071636553701
-3984.1270636501812987
-3983.9220402891078265
-3984.4310490849070447
-3985.5644057205945501
-3984.0998868130013761
-3983.8023827026545405
-3985.1545303009529562
-3984.6721360240371723
-3983.7728408890361607
-3984.1591968081775121
-3984.665884278300382
-3985.2958628003430022
-3984.995313667101982
-3983.9744364185098675
-3983.5713819312795749
-3983.6816374313384586
-3984.6860484401063331
-3984.0874277054494996
-3984.2092258975835648
-3984.7018268500405611
-3984.2698632010565234
-3984.0470954182455898
-3983.9416092046521953
-3984.6786918517323102
-3984.9398215218097903
-3984.6107539435843137
-3984.0646623028883369
-3984.3069755189635544
-3984.4016083744231764
-3984.9689954641075929
-3985.8247958735105385
-3984.1184385589704107
-3983.064998695785107
-3984.9701459335819891
-3985.0115045584038853
-3984.8804657138521179
-3984.3754829433587474
-3984.5771141162499589
-3984.811511263698776
-3984.1107794550252947
-3983.6258713768497728
-3984.2783026846173016
-3985.0006386634845512
-3984.8083802873361492
-3984.3981345897550455
-3983.7559173455833843
-3983.9801663529578946
-3984.8061905263675726
-3985.2070872708177376
-3984.4460212255626175
-3983.6895452229018701
-3984.2241711713427321
-3984.4774298499783072
-3984.4240300043834395
-3984.5147504907849907
-3984.2554572065919274
-3984.1296024986722841
-3984.1465255030075241
-3983.9864158019977367
-3983.9888907370386733
-3983.802079387923186
-3983.8871676163571465
-3984.8667044293401887
-3985.6330717709120108
-3983.9758251513435425
-3983.4725203798234361
-3984.164802209447771
-3984.3528780284259483
-3985.1022740127700672
-3985.3696959751650866
-3984.170843635834899
-3983.9822518676614891
-3984.5572424067750035
-3984.6222217324639132
-3984.2978082176250609
-3984.8098568899395104
-3985.0063648917926002
-3984.6708135156973185
-3984.3744026575650423
-3983.9836967249079862
-3984.76597293432269
-3984.9905619998503425
-3985.3272596931060434
-3983.8070765489937912
-3984.1400353827416438
-3984.838988282826449
-3984.648002385467862
-3984.6869698971072467
-3984.0814033822671263
-3983.7516203306822717
-3985.2040830516571077
-3985.4473994203581242
-3984.4180918584711435
-3983.836646822802777
-3984.2949795089884901
-3984.991191565650297
-3984.9226330079254694
-3983.7555954542672225
-3985.2224727831749078
-3985.1770261746501092
-3984.8803744878769066
-3983.9855858185974284
-3984.482776908282176
-3984.6191798966892748
-3984.7325927038768896
-3984.7635783574037305
-3985.072880617733972
-3984.8373311434106654
-3983.509022300815559
-3983.7137117325951294
-3984.9910081198763692
-3984.6451565830657273
-3984.6113654323794435
-3984.7715938882533919
-3984.1524550634912885
-3984.282307538610894
-3984.8794180848799442
-3984.8333590349516271
-3984.2531027954328238
-3984.1102115334597329
-3984.950490814031582
-3985.0955389786363412
-3984.463935180606768
-3984.2640841320508116
-3984.7762897071447696
-3985.3062598166884527
-3984.814148718510296
-3984.19847151230897
-3984.9729304090337791
-3985.2631134978305454
-3984.2631324193384899
-3983.3913862246731696
-3984.5813630492466473
-3985.1798187422837145
-3985.5972169895599109
-3984.6141530836371203
-3983.744344233740776
-3984.4375867666103659
-3985.0120651564197942
-3984.0884089684714127
-3984.5627910143311965
-3984.6516557589279728
-3983.7590222832295694
-3984.3443563607024771
-3985.1416245370855904
-3984.7537344433653743
-3985.0552635042240581
-3984.7951699087693669
-3984.8412403675156384
-3984.3548541671621024
-3984.3054361394201806
-3984.929379890942073
-3985.0651625197829162
-3984.0686268739959814
-3983.2383887957885236
-3984.2503432896346567
-3984.8813103105180744
-3984.8417251804612533
-3984.6339388455803601
-3984.3445530681742639
-3984.3212892786596058
-3984.1986921432235249
-3984.7111513393379028
-3984.5410673398096151
-3984.2708440228361724
-3984.7756792468780986
-3983.8514295275767836
-3983.3210475181704169
-3984.8576659360010126
-3985.6875416928633058
-3985.0124442638334585
-3983.3366739438315562
-3983.3893867812453209
-3984.1534102431232895
-3984.9348982806982349
-3985.2652871148120539
-3985.222794088036153
-3983.8515432812682775
-3983.3031488828964939
-3984.3653101633290134
-3984.6417303746629841
-3984.9884216941418345
-3984.3398344404399722
-3983.5910710506836949
-3983.8206008756083065
-3984.4140568205743875
-3984.859121495576801
-3983.7995460010711213
-3984.1547616120897146
-3984.6996405579275233
-3983.9790743345815827
-3983.9659628022723155
-3984.7069928696710122
-3985.0387217762668115
-3984.3387996740179915
-3983.5475482287924933
-3984.6396513211730053
-3984.680078282629438
-3984.8827678723291683
-3984.1947548913612991
-3983.0603488768765601
-3984.4485254945811903
-3984.8008563306498218
-3983.537552608455826
-3984.1744289797902638
-3985.1716674402123317
-3984.9683814774812163
-3984.0085402984327629
-3983.7276937748174532
-3984.0008344529373971
-3984.2314784081086145
-3984.9013253685197924
-3984.6793484294594236
-3984.3547125990876339
-3984.0963646992181566
-3984.8871845670910261
-3984.7172867254630546
-3984.0433583534440913
-3983.7664026863481013
-3984.0972584633150291
-3985.1160362615473787
-3984.9712684938999701
-3984.3999945412679153
-3984.4227690613847699
-3984.3386639177288089
-3984.3165760547726677
-3984.3356458922316961
-3984.2874889256536335
-3984.9103660803630191
-3984.5205156538359006
-3983.9396695016798731
-3983.9729078861137168
-3984.4765944109649354
-3984.5130355849669286
-3984.8605987665887369
-3984.7201427546569903
-3984.0759398675481862
-3983.6046367399194423
-3984.0910710815278435
-3984.642385524369729
-3985.32001053095928
-3985.3587764766571127
-3984.2145298393147641
-3984.1033751770773961
-3984.5545505599220633
-3984.8537180491898653
-3984.7442973116144458
-3984.3936100032615286
-3983.8926111480986947
-3983.6435550978676474
-3984.3784473377927497
-3985.2729758813597982
-3984.7300334529595602
-3985.3230845590060198
-3985.5029663211744264
-3983.7744565628877353
-3984.0457473555957222
-3985.2396973947988954
-3984.5947498574801102
-3984.5679275730121844
-3984.6160875991540706
-3983.9766693470710379
-3984.247736121680191
-3984.056644666223292
-3984.7135198612545537
-3985.0298949246148368
-3984.1304022403328418
-3984.0827701345156129
-3984.6410347364912923
-3984.5049186704209205
-3985.4057381462584999
-3985.3086649483161636
-3983.843984554094277
-3984.636733805752101
-3984.2579311007075376
-3984.3100829599543431
-3984.8673963488131449
-3984.7518135643304049
-3984.0161320554775557
-3983.932653077878058
-3984.7650063069986572
-3984.8108553645979555
-3984.5837722333021702
-3984.2109155027974339
-3984.1373391061138136
-3985.0719590325670652
-3984.7646121059633515
-3984.2530869483066454
-3983.8370642804320596
-3984.1653883292478895
-3985.3963861075635577
-3984.5663598204941991
-3984.0604259619699405
-3984.2700140187771467
-3984.0798382708862846
-3984.7011876186702466
-3985.1819788679508747
-3984.9793870192179384
-3984.3012310879885263
-3984.4657653105341524
-3984.6994979662690639
-3984.9093245480644327
-3984.0549458871237221
-3983.5031905285404719
-3983.6374200040909273
-3984.7064623722012584
-3985.0996406795079565
-3984.1734620865436227
-3984.6183356811006888
-3984.5003317809910186
-3984.0553935346711114
-3984.1937863799653314
-3984.5482413082754647
-3984.3762497767697823
-3984.4038901763892682
-3984.0823434952999378
-3984.6354867163122435
-3984.894466828547138
-3984.4676191589960581
-3983.6701029704522625
-3984.0482210406544255
-3984.4736783425055364
-3984.5860140462373238
-3984.6166241221967539
-3984.7637085336041309
-3985.1767659735228335
-3984.5813029917667336
-3983.9487059606726689
-3983.1161299212822087
-3984.2767026757637723
-3985.2561630763329958
-3984.560754944801829
-3983.7577140296029938
-3984.6302947274461985
-3984.8695740242405918
-3984.2881636205870564
-3984.6300147655515502
-3984.1156691042747298
-3984.3362526814203193
-3985.198360655390843
-3984.7860867616345786
-3984.2999568831928627
-3984.4164155044290965
-3984.6147299402032331
-3984.8437139794332325
-3984.3257060517253194
-3984.2726918294097231
-3984.3472791846579639
-3984.5423860959549529
-3984.076275046291812
-3984.0392450448002819
-3985.4191173035901556
-3985.2763023177458308
-3984.6159941527939736
-3983.8841707608876277
-3984.1578282132218192
-3984.7453037976865744
-3984.6363049641677208
-3984.7916798724895671
-3984.6823008357573599
-3984.5388770017052593
-3984.3370318066954496
-3984.374038969830508
-3984.1122795989563201
-3984.5799034186347853
-3985.0139044420766368
-3985.0011352090750734
-3984.2135679354873901
-3984.085161048309601
-3984.251364821522202
-3984.5200707679218795
-3984.256878010213768
-3984.4777550050102946
-3984.7950992937830961
-3984.6283357910483574
-3984.2622261337010059
-3984.1402865404129443
-3984.1024965843134851
-3984.755978876768495
-3985.3029262738823491
-3984.9335078217668524
-3984.6930655259288869
-3984.3516803184134005
-3984.5173935028565211
-3985.3282949063286651
-3984.6894149698268848
-3985.0951125705473714
-3984.5077213968661454
-3984.0256156901273243
-3985.0499138365480576
-3985.5151420309121022
-3984.6424758583043513
-3984.0448563037316489
-3983.8688776820195017
-3984.2844890192209277
-3985.2225957254499917
-3985.5261901385342753
-3984.4052772082900447
-3984.5240332732923889
-3985.0862325303833131
-3985.0791794465540079
-3984.9051912758786784
-3984.569054036786838
-3984.0797582923200935
-3984.867732917794001
-3985.4954859533017952
-3984.848397113215924
-3983.5171345976145858
-3983.5428684368125687
-3984.504511280009865
-3984.4210672654985501
-3983.8013189449789024
-3984.5723186273912688
-3984.7026096821086867
-3985.2582109845370724
-3985.3173018956613305
-3985.174586586228088
-3984.6100824073200783
-3983.7014153977411297
-3984.5450250534668157
-3985.1900426629840695
-3984.7172723567086905
-3984.7341067796592142
-3984.2107970344850401
-3984.2456956328533124
-3984.3634537471093608
-3984.1082321287658488
-3984.1875504881545567
-3984.519788683338902
-3984.6644080285300333
-3985.049300453262731
-3984.5772949279198656
-3983.7191591613745913
-3983.8923971604353937
-3983.9963600740288712
-3984.9143077022063153
-3985.4834965983568509
-3984.6466577006372063
-3983.3553928287992676
-3984.689566701399599
-3984.5139482585082078
-3984.1699753623938705
-3984.2150886539611747
-3984.7773832075718019
-3985.0459818851686578
-3984.1135254826581331
-3984.2618576562013004
-3984.7758193085583116
-3984.9665238592156129
-3984.2981849953093842
-3983.4907679976076906
-3984.1697040874287268
-3984.4767758535931534
-3985.0866326367968213
-3984.5390681323742683
-3984.2707804000829128
-3984.3353517522186849
-3984.6534788842509442
-3985.4580841485994824
-3985.0582834114984507
-3984.4104620745761167
-3984.3095110841459245
-3985.0644507875613272
-3984.7652982147164948
-3984.5510889661586589
-3984.3533898947116541
-3983.8929039444924456
-3984.5414175979535685
-3985.5452076817205125
-3984.6509670873529103
-3984.1383577882261307
-3984.3504734867669868
-3984.3297910884202793
-3985.3978542525087505
-3984.7685177766907145
-3984.0338966362814972
-3984.4245202472798155
-3985.6014346090510116
-3985.9532820034100951
-3984.23634510433385
-3983.6112758309359378
-3984.7053462219437279
-3985.4323907789303121
-3984.2766858132922607
-3984.7790459408170136
-3984.959013803572816
-3984.5483290235051754
-3984.5382001428638432
-3985.2714595702436782
-3984.8367723998253496
-3983.9154721263657848
-3984.3941155352154055
-3984.6051294793419402
-3984.5528968190683372
-3984.8145068671378795
-3985.2473387176059987
-3984.7345459897101136
-3984.2737719791221025
-3985.1105420639287331
-3984.852323198819704
-3984.2878196357314664
-3984.0850504301920409
-3983.7955075208992639
-3985.1086777838813759
-3985.5651036947328976
-3984.9259975496206607
-3984.6788452508321825
-3983.9589592154034108
-3983.7991841298653526
-3984.6141370546811231
-3984.8358863257330995
-3984.2101362251428327
-3984.9719385827775113
-3985.0750763217697568
-3983.848447115392446
-3984.3765181601020231
-3984.8741632104433847
-3984.922094058404582
-3984.397116646370705
-3985.756844633676792
-3985.2288020616001631
-3983.070906687693423
-3984.649364966567191
-3985.6367280459148787
-3984.8407923447261965
-3984.3505989065242829
-3984.6026229852909637
-3984.4512962534272447
-3984.8166247515737268
-3984.4696135277308713
-3984.1721764942849404
-3984.8399560305965679
-3985.3721246920722479
-3984.8477100312466064
-3984.3570943889435512
-3983.8910778529361778
-3983.8646181738422456
-3985.1542706549012109
-3985.1007987510934072
-3984.8837148755815178
-3984.0839913976406024
-3984.6022851468042063
-3985.274769801345883
-3984.7189398131909002
-3984.3619350669337109
-3984.310444190823091
-3983.8849572097174132
-3984.6115580031450918
-3984.6521089951961585
-3984.7174793453177699
-3984.1805730984133334
-3983.9697954009352543
-3983.8554218917952312
-3984.5914501716124505
-3984.7058244382174053
-3984.6165433736214254
-3984.0742199611522665
-3984.2533340038544338
-3984.4616034543787464
-3984.2887313647088376
-3985.1934309896937521
-3984.5807220275487452
-3983.601778422429561
-3984.3714072733700959
-3984.9357707924341412
-3984.9015816665942111
-3984.9524190399010877
-3984.6602802043476004
-3984.5037746119510302
-3984.646162366430417
-3984.6715547842613887
-3984.1075468568283213
-3985.0481716968870387
-3985.0195197308371462
-3984.371342290879511
-3983.6764516215248477
-3983.9481049378264288
-3985.2768273554224834
-3985.2237361694828905
-3984.0789912638565511
-3984.304304851697907
-3984.7728650573062623
-3984.2451430458086179
-3984.5774446596847156
-3985.6049488189146359
-3984.6324284455677116
-3984.4661861872109512
-3984.9263833877530487
-3985.0101453362713073
-3984.7343994945945269
-3984.5197802038806003
-3984.4309586189992842
-3984.9949025840337526
-3985.0979860923407614
-3984.151664320007967
-3984.0776390516643914
-3985.0591752012028337
-3985.7183563069852426
-3984.1915229253099824
-3985.2762347445623163
-3985.028158944666302
-3984.3753656558042167
-3984.4085814379163821
-3985.3446373993042471
-3985.06909406240311
-3984.2384880746385534
-3983.9973360897070052
-3984.675367998591355
-3985.2856281902618321
-3984.9573519693722119
-3984.7109822093166258
-3984.648562394212604
-3985.0439209682135697
-3985.7160613073388049
-3984.2849433116966793
-3985.2616181346611484
-3985.337183883578291
-3984.3867300885972327
-3984.8071642503837211
-3985.3032986281950798
-3984.4241462733075423
-3984.2615694814730887
-3985.0748992767958043
-3985.7169886584001688
-3985.1961603122795168
-3983.8236773202270342
-3984.3162732270197921
-3984.6171782504884504
-3984.2558748452756845
-3984.3760606118103169
-3984.6347389088891759
-3984.4857966412905625
-3984.2439894505773736
-3984.6193470380726467
-3985.3821269792347266
-3985.2457599233725887
-3984.0164897403319628
-3983.9754433389966835
-3984.7940843319202031
-3985.2053708572407231
-3984.6847692959877349
-3984.3436182012183053
-3984.7615103127373004
-3984.2028568548721523
-3984.6912286044507709
-3985.8908856994057714
-3985.1425513601047896
-3984.1264961309930186
-3983.4036157624500447
-3985.0622895416190659
-3985.1838723850905808
-3984.8426916344797064
-3985.0355115283637133
-3984.3227401886761072
-3984.3489089634231277
-3984.0298326569754863
-3983.8475096383299388
-3984.7415488127521712
-3984.8801741509109888
-3984.8715210865075278
-3984.5881208524242538
-3984.1675989810332794
-3984.7968876118411572
-3984.6619259627836982
-3984.5862474569989899
-3985.0409757854413328
-3985.070897968823374
-3983.7747688218464646
-3983.493752993916587
-3985.0276009383833298
-3985.23398492755814
-3985.5804983968782835
-3985.320931043791461
-3983.7788938859862355
-3983.3821773433396629
-3984.5388347358984902
-3985.1391336010406121
-3984.8882820021794942
-3984.4698077120910966
-3984.6003842148702461
-3984.3613151005711188
-3984.0647408948702832
-3984.9167355360264082
-3985.4450302294449102
-3983.4948582622487265
-3985.1455238755211212
-3984.6440222111104958
-3984.3566324618414001
-3984.6600768069142759
-3984.3526853815610593
-3984.8353782927274551
-3985.0247136401162606
-3984.2896927631700237
-3984.4377969982233481
-3985.366603596216919
-3983.7574544221074575
-3984.7881658727151262
-3984.6113453930456672
-3984.7286344492949866
-3984.7763680807797755
-3983.8685136746835269
-3984.6421938350595155
-3984.645091543181934
-3984.2932859779830324
-3984.2669160402065245
-3984.8788245175505836
-3984.0858583873550742
-3984.2673034730764812
-3984.7418081093978799
-3984.8820659084231011
-3984.2304853084733622
-3983.4576568893508011
-3984.0507659432037144
-3984.8298605436398248
-3984.8107343524388853
-3984.3653734803424413
-3984.5353050609633101
-3984.6660224850966188
-3985.2125830368900097
-3984.3687943958307187
-3985.0707682651695904
-3985.0272116510968772
-3984.2705834881626288
-3983.8491465716756466
-3984.0499402452646791
-3984.8508412347750891
-3984.667468086980989
-3985.2802225614636882
-3984.5971434773759938
-3984.6886711170182025
-3984.9599945732020387
-3984.0725170098326089
-3984.3553281408876501
-3985.3062706490932214
-3985.0068981267568233
-3984.0912662108803488
-3984.4378378215883458
-3984.3268967108865581
-3983.7474756406363667
-3984.6219456342478225
-3984.4055725120820171
-3985.2817509991514271
-3984.8920592198874147
-3983.2479613868677006
-3984.7074490246322966
-3985.3121676632204071
-3983.7865986605302169
-3984.3201009834806428
-3984.9606943846247304
-3984.2516282207793665
-3983.4400263251623073
-3983.9088480119012274
-3984.8011317550763124
-3984.5415897576681346
-3984.0030406251321438
-3984.4512648372478907
-3984.2328578899264357
-3984.4886827158879896
-3984.3251450324096368
-3985.0813944919450478
-3984.7025828315913714
-3983.5998620043942537
-3983.6716630387991245
-3984.8410316143786076
-3984.5804430413704722
-3984.696202950325187
-3984.0629763947495121
-3983.5797512831968561
-3983.4858406634089079
-3984.5236434987036773
-3985.2078901437221248
-3984.2876842601576755
-3985.0527750276096413
-3984.3179952232358119
-3984.256640385200626
-3984.4315250034333076
-3984.9388892827128075
-3984.1131866230671221
-3983.2736599699751423
-3983.4063839787345387
-3984.7348311817409012
-3985.3902863132502716
-3983.9901579676893562
-3984.2250030616160075
-3984.3812958109742794
-3984.1972272584102939
-3983.8680647643268458
-3983.9243315280959905
-3985.1145826393471907
-3985.1046848851256073
-3983.2117310403932606
-3984.632003817315308
-3984.5389457693540862
-3985.0123414505751498
-3984.15445201401144
-3983.568578251541112
-3983.9506218054807505
-3985.4994486731111465
-3985.4782784373187496
-3984.129865446074291
-3984.1742281421506959
-3984.276631140794052
-3984.7730771151564113
-3984.4014186098488608
-3983.4271243475259325
-3984.5444432388026144
-3985.2042802053092601
-3984.9779959342881739
-3984.3005516471448573
-3984.2484553169474566
-3984.540501404083443
-3983.9167261458769644
-3984.0236642542281515
-3984.5718415025385184
-3985.4466607973872669
-3984.659537350532446
-3983.7073335812010555
-3984.2680310013906819
-3984.0890521932637967
-3984.113137854514207
-3984.3140851740140533
-3984.2039312185888775
-3984.7136203937752725
-3984.3891901263559703
-3984.1355971088446495
-3983.9235757254782584
-3984.0939549069321401
-3984.4085488687360339
-3985.1598497375007355
-3984.9367565836946596
-3983.6617673554160319
-3983.4054059575646534
-3984.0932107797884782
-3984.2885943639471407
-3983.5853112015311126
-3984.4525464048024332
-3985.3527591804863732
-3984.4305609766665839
-3984.2858195282328779
-3984.2398095934254343
-3983.9812929645127042
-3984.0580586576911628
-3984.4367500400871904
-3984.334324255665706
-3984.0135166649974963
-3984.0606195640448277
-3984.4032236685652606
-3984.4867155537158396
-3985.0467502416258867
-3984.4706410729399977
-3982.4825498829050048
-3983.4926862082061234
-3985.2645533148479444
-3985.3064855522243306
-3984.2152270980400317
-3984.0707665723034552
-3984.4258305034268233
-3984.6881762182069906
-3984.379898102666175
-3984.2044220527022844
-3984.8664303673003815
-3984.580643137590414
-3984.1347675326878743
-3984.5077971639439056
-3984.6948642335437398
-3984.38341788732032
-3983.6636033676577426
-3983.9749160295677939
-3984.9915629325992086
-3984.4987852296053461
-3983.1482596559121703
-3983.7652559685861888
-3985.3299742915251045
-3984.6753000632652402
-3984.3518561776404567
-3984.0915083083159516
-3984.1368930728299347
-3985.1595744876231038
-3984.535014450097151
-3983.9527204860714846
-3983.8824007207040268
-3984.3728628669805403
-3985.264765849946798
-3985.1776531479399637
-3984.9206892641068407
-3984.0865297610989728
-3983.7727884969285697
-3985.2839905182886469
-3985.6393441082013851
-3984.4134581712510226
-3984.0335014155443787
-3984.5610531638571956
-3984.3968137328733974
-3984.0450552526976935
-3984.1226941267223083
-3984.5530046371691242
-3985.8934460457940077
-3985.3162569809023807
-3983.4548643865923623
-3983.9109143000277982
-3984.6456377175068155
-3984.9176164044624784
-3984.794697091931539
-3984.3358023836499342
-3984.7097647930554558
-3984.5643644610936462
-3984.3713724826202451
-3984.7438264401071137
-3984.532899010807796
-3984.1130235706650637
-3984.7864395430469813
-3984.8683082765946892
-3984.5806614062139488
-3985.0332979210161284
-3984.8651970411547154
-3984.3233153595028853
-3984.0316521179224765
-3985.5252157111676752
-3985.1688828940186795
-3984.1964413365649307
-3983.9017571283093275
-3983.4777452041057586
-3983.5125261942030193
-3984.481291707435048
-3985.0240047622560269
-3984.7715793835427576
-3984.8681099673681274
-3985.2279352636337535
-3984.2292335388519859
-3982.6837029342723326
-3984.1487441279205086
-3984.8245514407344672
-3984.8930850097794973
-3985.379010429023765
-3984.6652838581780998
-3983.9065058143692113
-3984.5223945084212573
-3984.3847062024133265
-3983.7420137586836972
-3983.7001678832416474
-3984.4239183861714082
-3985.6770156606307864
-3985.2953749097314358
-3984.1834926102010286
-3983.220465328166938
-3983.8471750009098287
-3985.3391118276367706
-3985.0220493821711898
-3984.5131501929695332
-3984.2275704943626806
-3983.9731126289202621
-3984.5930374307818056
-3984.9636197121553778
-3984.7239692895318512
-3984.4383179096157619
-3983.8585098158355322
-3983.9193179631402018
-3984.6714797478721266
-3985.0704164193075485
-3985.0529129093065421
-3984.2084896320143343
-3984.1374499268931686
-3984.6244993927307405
-3984.6317193138665971
-3984.6404359327220845
-3984.8464174113964873
-3983.6914585941813129
-3983.7460450670901082
-3984.517368150848597
-3984.5184086725489578
-3984.664215073305968
-3984.7201962117242147
-3984.5380451135274598
-3984.6046997927942357
-3984.0072678637920944
-3984.8623811077145547
-3984.7278920422172632
-3983.6118786948209163
-3984.4472713655973166
-3985.1126610564278963
-3984.2287561835673841
-3984.0719067190580063
-3985.1606195330518858
-3985.3933857519923549
-3983.7732783728151844
-3984.6560774966378631
-3984.9188546492946443
-3984.4946841031455733
-3984.4331730240573961
-3984.3227645960946575
-3984.3125432928900409
-3984.2948100899234305
-3983.9640675993623518
-3984.7924635754820883
-3985.0850099110693918
-3984.3437468344709487
-3984.0861125298142724
-3984.2183102324934225
-3983.8384898614767735
-3983.9749027714751719
-3984.2080064652241163
-3984.5251480101564994
-3984.9496599073481775
-3984.6733069776469165
-3984.2295240276521326
-3983.8632396412235721
-3984.4851877646847242
-3985.117429894412453
-3984.23712905697721
-3983.87421562421423
-3984.0940909521350477
-3985.0764310081181065
-3984.7513882662169635
-3982.9685392432756998
-3984.5418366466828957
-3984.8527369094763344
-3984.4444851626867603
-3984.3701601865445809
-3984.4084041852270275
-3984.1701394031888412
-3984.7303976175612661
-3984.4930546373761899
-3984.3622414087217294
-3984.6852439819977008
-3983.8534445062919076
-3984.2576266053442851
-3984.6579976566758887
-3984.3227404401654894
-3983.6255279844808683
-3984.4254890492225059
-3984.7479555279865053
-3984.3416808933102402
-3985.2856785777157711
-3984.5590197154065208
-3984.8979750094881638
-3984.440075973164312
-3983.5820106901519466
-3984.7444329409322563
-3985.5115033285205755
-3985.0020111421194997
-3983.8824375559306645
-3983.8786769841244677
-3985.014787553404858
-3985.0534142245542171
-3984.0669952069424653
-3984.0049882534317476
-3984.8044776093279324
-3984.860555294864298
-3984.9190715492654817
-3984.5735182391044873
-3984.4735734092946586
-3984.5167181122405964
-3985.0325716418587945
-3985.0996227985947371
-3985.5034280582990505
-3984.4137043688633639
-3984.0012596109254446
-3984.3460128658311987
-3984.602991588599707
-3984.9942259364715937
-3984.4799300615568427
-3984.8213666185924922
-3985.0965867833551783
-3984.5009271474368688
-3984.4510272538650497
-3984.421087308782262
-3983.8354784585399102
-3984.3149963630257844
-3984.9257812564933374
-3984.8986010696057747
-3984.8453806881680066
-3983.8500714066412911
-3984.8875242505405367
-3985.4149241973118478
-3984.6813143165391011
-3984.3952647224919019
-3985.2874094417784363
-3983.9255309135901371
-3984.390867279826125
-3985.8869826014606588
-3984.7250447716187409
-3984.4581805622751745
-3985.2999505345746911
-3984.788688745879881
-3984.5833497204744162
-3984.6422719801253152
-3984.8046446896742054
-3984.2058287556315008
-3985.5391628220586426
-3985.7062654848878083
-3985.2157786778179798
-3984.6309943768683297
-3984.2668280398524985
-3984.8396603500341371
-3985.8599562053009322
-3984.3408407123097277
-3984.1865022986394251
-3984.8198679063775671
-3985.5561436773364221
-3984.658018295941929
-3984.4789531102424007
-3985.0469379351497992
-3984.6749615896278556
-3984.445535861155804
-3985.0812340127167772
-3985.2088629225004297
-3984.9206005683422518
-3984.1829443956521573
-3983.6643904081843175
-3985.3126662349081926
-3984.9543283257385156
-3984.6130355448322007
-3984.3569597425080246
-3985.2156726449238704
-3985.6055355354383209
-3985.2662115939415344
-3984.1378968649300987
-3984.2467904906939111
-3985.1828237042659566
-3985.2078634482295456
-3984.7800814782190173
-3984.3104886095184156
-3984.4288867615273375
-3984.4799413193677537
-3984.892709469431793
-3984.3474796650957614
-3984.7798333643827391
-3985.0864640883105494
-3983.9651309831765502
-3984.2079867579209349
-3985.0663246924414125
-3985.7344000699613389
-3986.4445064456340333
-3984.2251029306985401
-3983.4508289051509564
-3984.8091535374846899
-3985.4034872835650276
-3984.9371558512689262
-3984.6925450202056709
-3984.4228071150187134
-3984.6831548824843594
-3984.8972152303604162
-3984.0344921371911369
-3984.4366623075634379
-3984.6370206819956366
-3984.0590503456332954
-3984.2964560646623795
-3985.0922215661298651
-3985.2326011804921109
-3984.1376322791675193
-3983.9825980383607202
-3984.7048428347120534
-3984.8131363474676618
-3984.480863940346353
-3984.0320500317629921
-3983.7529703083773711
-3985.4895642796732318
-3985.5854822188584876
-3984.9207809650688432
-3983.8384421982041204
-3983.2002600515766062
-3984.3800168750103694
-3985.6251498431302025
-3985.0860948399408699
-3983.5039556478100167
-3984.7442720232616011
-3984.6334478867879625
-3984.0929774894925686
-3983.6687940237238763
-3984.6166906777389158
-3985.4027732055651541
-3985.0924015254258848
-3984.2792321646111304
-3984.1298863232150325
-3984.4558914512817864
-3984.2814432321592903
-3984.5132346860596044
-3985.4476913319153937
-3985.0274105211683491
-3984.619409332518444
-3984.3271942691671939
-3984.1686913592047858
-3984.2276591666009153
-3984.836413224395983
-3985.364051538649619
-3985.1227260914188264
-3984.4407530016801502
-3983.9317411265642477
-3985.0852927535447634
-3985.0473916691457816
-3985.1448513093914698
-3984.4669405684744561
-3983.9828685021452657
-3984.7511496412516863
-3985.1433467360288887
-3984.6457489246390651
-3984.119946951647762
-3984.4281712211459308
-3984.6007157047756664
-3984.2544460306730798
-3984.3949429345707358
-3984.473377865313978
-3984.5328396552035883
-3984.7842126842847392
-3984.7103544947867704
-3984.3718070588588489
-3984.3561602361587575
-3983.6910598879180725
-3983.7848799946027611
-3985.1202570479799761
-3984.9770395977657245
-3985.1741214541034424
-3984.3769769292871388
-3984.3592240679422503
-3984.8090417224675548
-3984.4555854609307062
-3984.8202924117863404
-3985.3110387859587718
-3985.0957735855367901
-3983.9732029064848575
-3983.9791455226941252
-3984.4339991392971569
-3984.7757028761120637
-3984.6299798481650214
-3984.4306146296494262
-3984.5011231715598115
-3984.9070509042894628
-3985.1617367647495485
-3983.6048272236816956
-3983.9970882962429641
-3984.9553172089890722
-3985.1872167515807632
-3984.5266094364815217
-3983.9010116688855305
-3984.2573513460042705
-3984.3126506830967628
-3984.6040892852038269
-3985.2038269801510069
-3984.8526862514459026
-3984.4519279189876215
-3984.4030700478269864
-3984.7121966895219884
-3984.6927914724351467
-3984.7044215904593329
-3984.9004821362873372
-3983.9787379316858278
-3984.5808251500830011
-3985.1467163253300896
-3984.4546781274871137
-3983.7844129212521693
-3983.7208692663220972
-3984.3445836123428307
-3985.4468091524377087
-3985.5386494915742333
-3984.1253080069818679
-3984.6410198447788389
-3984.5916994304629952
-3984.289350674943762
-3984.4829543108025973
-3984.4843012177657329
-3983.9357818170351493
-3984.1217013906475586
-3984.7278780103720237
-3985.227374537707874
-3984.5809037815506599
-3984.1018564810965472
-3984.5376507427608885
-3984.7191929311097738
-3984.5525526226360853
-3984.6450620810337568
-3983.8693577000176447
-3984.8498602215918254
-3984.8029163864580369
-3984.4197459815454749
-3985.4582679535810712
-3984.8562564130143073
-3984.9705170389811428
-3983.9657323408396223
-3984.3138690221339857
-3984.5651838653966479
-3984.8301489238360773
-3984.3999232271726214
-3984.1899068497828011
-3984.5800668587444306
-3985.6323065717642748
-3984.6116965758769766
-3983.7793506741099918
-3983.8933020226695589
-3984.5892036363525222
-3984.9770393810272253
-3984.0365758159887264
-3985.0193765821218221
-3984.944453784248708
-3983.8919585522635316
-3983.487924156705958
-3984.9076295519998894
-3984.6673577207161543
-3984.4523564236851598
-3985.2357399302477461
-3984.5206103791924761
-3984.0478097266927762
-3983.8784836642394112
-3985.0317730947804193
-3985.3513083975553855
-3984.3582062915288589
-3985.2487715524371197
-3984.9785531911566068
-3984.008785095391886
-3984.7081486842248523
-3985.4885285001901138
-3984.9490541240406856
-3985.108444854366553
-3985.3999904842917203
-3985.0697260123720298
-3984.7531060428291312
-3984.1789537783020023
-3984.9946932918564926
-3985.3181954549891088
-3985.2388950230119917
-3984.3295294032868696
-3984.2250035753286284
-3985.0504775564322699
-3985.1755167597802938
-3985.1874894706138548
-3983.8728385526828788
-3984.7390490654629502
-3984.9442416623423924
-3984.3819676987577623
-3984.3795508456778407
-3984.2584908168091715
-3984.5505472125864799
-3984.8603648178718686
-3984.3724381952570184
-3984.7681800114960424
-3985.152368128415219
-3985.3736166251123905
-3984.8156038820252434
-3983.5975444878449707
-3983.7250198867636755
-3985.0897111944909739
-3984.5714820701459757
-3984.3231335376017341
-3984.8811883745811429
-3984.0541765090074477
-3985.1334682286483257
-3985.0366345914026169
-3983.5930594560986719
-3984.1552673498454169
-3985.3136231948205932
-3985.2966989578894754
-3984.4880998625453685
-3984.038769924553435
-3984.3739294712895571
-3984.5306514339135902
-3984.2049261349898188
-3984.6830632269352463
-3984.6728565411967793
-3984.7980833538399565
-3984.4365094361592128
-3984.1038644923000902
-3984.6079068255676248
-3984.1527002970028661
-3984.194057518873251
-3984.5279901785811489
-3984.4426745019086411
-3984.5111774238662292
-3984.2892804439038628
-3985.077524103216092
-3984.5299747960280001
-3984.0358973190068355
-3984.5729811241194511
-3985.9043226588428297
-3985.8283251246070904
-3984.1631836165051936
-3983.6211931415627987
-3984.3394232476744037
-3984.8983147725061826
-3985.9329398629033676
-3984.1807832342497022
-3983.7277567169394388
-3985.1304185648850762
-3985.4469778007710374
-3985.3711288488839273
-3985.1543785398107502
-3984.7038631082050415
-3984.8235075339184732
-3984.7477641398263586
-3985.1681950560860059
-3985.5375059217049056
-3984.0233677584210454
-3984.4658256421880651
-3984.1752029030058111
-3984.0702168477373561
-3985.1468229071565474
-3984.9259405097031959
-3985.528792075581805
-3985.512246090861936
-3984.1899053480296971
-3984.2994519992430469
-3984.7343668490657365
-3985.338329197197254
-3985.0196561383763765
-3984.43757067482602
-3984.8117714143027115
-3984.7610758827945574
-3984.7441742782330039
-3984.6658341229372127
-3985.2207853349600555
-3984.6495972910652199
-3983.7545986727855052
-3984.082593585369068
-3984.6245836540006167
-3984.0973494641202706
-3984.9404146285337447
-3986.0028961021689611
-3984.8237871313322103
-3983.8976446538590608
-3984.5883206825483285
-3984.7718449382909967
-3984.8865228167023815
-3984.5547413417898497
-3984.3202632292641283
-3984.7688517933388539
-3985.0937204482770539
-3984.568642869544874
-3983.7462236324495279
-3983.7844226459965284
-3984.550419300061094
-3984.9072469414149964
-3985.1277034124218517
-3984.6187729082334954
-3983.6772892049402799
-3984.5841232679181303
-3985.0509028881556333
-3984.6133121013867822
-3984.9696211722225598
-3985.3937454016486299
-3983.5379979058197932
-3984.3224888041745544
-3984.0897607881224758
-3985.0083406807762003
-3985.7352804173788172
-3985.3308788319009182
-3983.8259944448955139
-3984.5742349897755048
-3984.9178913668679343
-3984.6288405494010476
-3984.6651962629862282
-3984.4620156491159833
-3984.410898775664009
-3984.7060538921841726
-3984.8292646940267332
-3984.9587452894338639
-3984.0219502721142817
-3984.2036987136607422
-3985.44611201594671
-3985.1271918010866102
-3984.1150808585289269
-3984.4611891591243875
-3985.0660283245451865
-3984.5936585174908942
-3983.9923276411982442
-3984.2041409687581108
-3985.1813631269915277
-3985.2611319063307747
-3983.2476335712376567
-3984.389427310928113
-3985.7394402990048548
-3984.2634358146979139
-3983.9572106002806322
-3984.6371563838220027
-3984.6324973498926738
-3984.897930006801289
-3984.6268674704974728
-3984.0641388830072174
-3983.8717108724436002
-3984.7808009098603179
-3984.8338041096517372
-3984.420763862302465
-3984.8260195670031862
-3984.0376344231635812
-3983.9761922202346796
-3984.9176687761541871
-3985.4260918852642135
-3984.6420957356344843
-3983.9746297619553843
-3984.4422426957980861
-3984.8833689200300796
-3984.0611439852355034
-3984.8896626885334626
-3985.2996216086798995
-3984.5145054298927789
-3984.1032629354886012
-3983.6798195455476161
-3984.3338945790678736
-3984.5654354217399487
-3984.1262878189932053
-3984.9942819321549905
-3984.4130425955013379
-3983.7993804342941075
-3984.5993854999583164
-3984.6102493102916924
-3983.9491354834572121
-3983.7673135667505449
-3984.1872671475803145
-3984.7832456067203566
-3984.4915761763063529
-3983.316832724050073
-3985.1462861927298036
-3984.6528590613866072
-3983.7624127211070117
-3984.0451656005993755
-3984.2694797975723304
-3984.4214938492073088
-3984.9400478493662376
-3983.957980223575305
-3983.8204293587164102
-3984.6718913959025485
-3984.3840462925923021
-3984.2422824523550844
-3984.4823984770250718
-3984.1570051279850304
-3984.2301725006955166
-3984.3783593285197639
-3983.7888094575118885
-3984.2338778340799763
-3985.2334463495244563
-3984.528543070357955
-3983.51248416830731
-3983.9853238452524238
-3984.2802016763516804
-3985.6468975519110245
-3984.9952775005799595
-3984.1417719076011963
-3984.2130035031409534
-3984.7155543395610948
-3984.4573592790484327
-3984.0064848562897168
-3985.0561345529035862
-3983.8710130347890299
-3984.2514735160129931
-3984.8413827918980132
-3984.3788808144295217
-3984.353783259854481
-3984.1539443298297556
-3984.6546453051414574
-3984.826696941834598
-3984.2584314104665282
-3984.2846192830375003
-3984.141375952157432
-3984.2477958270023919
-3984.710514374271952
-3984.2427087581204432
-3983.9192930136064206
-3984.4938186210465574
-3984.8476930635147255
-3984.6212907640101548
-3984.7296550251344343
-3983.9692724627789175
-3984.5094457023401446
-3985.7445492217466381
-3984.2740325278073215
-3983.4682769482001277
-3984.0645973953778594
-3983.6671767715788519
-3984.4288739893459024
-3984.5061007629428786
-3983.8156820743492972
-3983.5906815138264392
-3984.8341004278349828
-3985.1162300387613868
-3984.3980011936464507
-3983.9676170741972783
-3983.0630532952541216
-3984.2147584403433029
-3985.47159352949393
-3985.649424703067325
-3983.2602338572055487
-3984.6048095400296916
-3985.1866268445610331
-3985.0420248749687744
-3983.9217143862442754
-3983.9896446458828905
-3984.5556049305796478
-3985.2122483585267219
-3983.953020779254075
-3984.7887099862023206
-3985.6432045577480494
-3983.3487282710971158
-3985.2733255290418128
-3985.4398414316219714
-3985.1539142773249296
-3984.1419091613329329
-3983.5669525152861752
-3984.5871322592188335
-3984.7435354872782227
-3984.1845070435865637
-3984.9958249349083417
-3985.0394483949376081
-3983.8633364531510779
-3984.3395306293564317
-3985.4698785889954706
-3985.0295794259736795
-3983.7305680264043986
-3984.1182085019954684
-3984.7373762532788533
-3985.0917210679394884
-3984.1493982034980945
-3983.8318814313061011
-3984.3313403072365873
-3985.0959403194178776
-3985.3898286069074857
-3984.911161284182981
-3983.5159721293198345
-3983.7199293954167842
-3985.0166468551969956
-3984.9063445073511502
-3984.3982688095015874
-3984.6008026686449739
-3985.1217631443964819
-3984.8503717739463355
-3984.573442785266252
-3984.3429992753053739
-3983.6785773370711468
-3984.377313316893833
-3985.3163432265287156
-3985.1399875506372155
-3983.7824403402232747
-3983.2111532763619834
-3984.3484033195081793
-3984.9933396305841597
-3985.1021182612416851
-3984.4309111327920618
-3983.6992001225180502
-3984.3258454878728116
-3985.0777284896835226
-3984.2692395000503893
-3984.0140418130827129
-3984.1970092118499451
-3984.123594379701899
-3984.6542051046153574
-3984.3282465466104441
-3983.1885740842244559
-3984.3203087542046887
-3984.6090553471904059
-3984.4340623648422479
-3984.6083656315572625
-3984.6514708745303324
-3984.1918531224296203
-3984.5368366356829029
-3983.7914104225419578
-3983.7574258417021156
-3984.1100647095663589
-3984.8129012564168079
-3985.6171145297694238
-3983.4462099088132163
-3984.1728512159579623
-3984.8078054813290692
-3984.2408280398058196
-3984.0920971993059538
-3984.4175313277205532
-3984.5757761235827275
-3983.9764686037592583
-3984.6067692762935621
-3984.9839477400209944
-3983.6538984828307548
-3984.4013386892570452
-3984.5240870883280877
-3984.8939418359191222
-3984.5644635793082671
-3983.66612109666994
-3984.9514076121213293
-3985.7143636143036929
-3984.5446064461466449
-3983.8188460323144682
-3984.7850986431267302
-3985.0771302988305251
-3984.1600812611313813
-3983.6245067928407479
-3983.993848534497829
-3985.2656552317030219
-3984.9368898693210213
-3983.7045634539658749
-3983.1089373013619479
-3984.1101417601303183
-3984.9082881005929266
-3984.7011074163115154
-3984.1942682080439226
-3984.2316468507233367
-3984.3971497916004409
-3984.0326949693489951
-3983.9782730415145124
-3983.5683803876618185
-3983.7626027376231832
-3984.7346065623905815
-3985.211453052683737
-3984.7245911969184817
-3984.3025674473619802
-3984.0430047571921932
-3983.5300714779227746
-3984.5115528009537229
-3985.0267326931029856
-3984.6929877328584553
-3983.4435194648103788
-3983.1783554172484401
-3984.1422341296652121
-3984.3386734967129996
-3985.0412941472645798
-3985.1993494694561377
-3984.1460056910659659
-3983.7408387138916623
-3984.4406565049816891
-3984.1642974992173549
-3984.6269955514039793
-3984.3743109790061681
-3983.7972594124262287
-3983.7822367633571048
-3984.8767917685258908
-3985.4272323380337184
-3984.3769721410922102
-3983.4355924291708106
-3984.8406904491271234
-3984.5502839479090653
-3984.3576177608720172
-3984.5996686146540924
-3984.7498300768143054
-3984.5469916055853901
-3983.9279181334368332
-3983.9377687802516448
-3984.4176880048435123
-3984.474759726675984
-3984.0463477543044064
-3984.9675236879388649
-3984.2832658995616839
-3983.5395192465039145
-3984.0124468522094503
-3984.6032352506945244
-3984.6662270373162755
-3984.2257554695679573
-3984.0032543429738325
-3984.169856405302653
-3985.0068685981082126
-3984.3293719351972868
-3983.8662883525489633
-3984.3778860339489256
-3984.1683894481338939
-3984.3802510720734062
-3984.3936598031191352
-3983.9187678680250428
-3984.8964891042073759
-3984.5241052820692857
-3985.2010080370473588
-3984.0959486174219819
-3984.0771034972708549
-3984.7459198755241232
-3984.3868548889349768
-3984.6129079862485014
-3984.1305418321512661
-3984.2488310493963581
-3984.2490020042791912
-3984.1879057795463268
-3983.8185429822597143
-3984.9771761995330053
-3985.0954039434927836
-3985.424113718343051
-3985.0985206753098282
-3983.5749724955917372
-3984.0571511847201691
-3985.0789614574846382
-3984.8128817884562523
-3984.6071013794348801
-3984.8637227932949827
-3984.5278630822294872
-3984.1364330697629157
-3984.8942380998196313
-3984.7146708188465709
-3983.85020160413751
-3985.0563559276197338
-3984.9777838161567161
-3984.7623496549781521
-3984.1451413290469645
-3984.5736537065108678
-3985.2711844662962903
-3984.9232072656855053
-3984.1507088295015819
-3984.6123148275473795
-3984.5963566155169246
-3984.12613911744711
-3984.6710589108397471
-3985.2311610972305971
-3984.6425482003664911
-3984.5872518658825356
-3984.7847242523935165
-3984.9170526385955782
-3983.9716588989608681
-3984.2020551475861794
-3985.2844746903419946
-3984.9048996077503944
-3984.3628217670270715
-3985.309963314181914
-3984.5004945600303472
-3984.3238557353929536
-3984.6317733450578089
-3985.0202745850556312
-3985.0876702674058834
-3985.1806681519778977
-3984.4663232004904785
-3984.4606724228046915
-3985.6782708201940295
-3985.0230042225539364
-3985.5621893808161076
-3984.4768973854279466
-3983.4605906222595877
-3984.8139113931642896
-3985.4544784138288378
-3984.7685842740356748
-3984.7522570463802367
-3985.1374021153446847
-3985.1902252531458544
-3985.3667698979811576
-3985.6389773242399315
-3984.2481241430045884
-3984.4912199028212854
-3985.2821537574677677
-3984.8109095823670032
-3984.7926625658374178
-3984.7946834217054857
-3984.9426835763556483
-3984.553343771528489
-3983.875949047854192
-3984.9429856182132426
-3984.8122777114690507
-3984.2037871372772315
-3983.8510394864656519
-3984.7931200792158961
-3985.5189623327705704
-3984.5221841799243521
-3984.5174786593092904
-3984.8774227878370766
-3984.2968188776030729
-3985.0216758719611789
-3985.1153169184153739
-3985.0866346357915972
-3984.5690416664169788
-3984.5682183732278645
-3983.8855844580571102
-3984.1261770336409427
-3984.5804835648223161
-3985.234414607592953
-3985.33994811094135
-3984.594475063056052
-3984.3794587089860215
-3984.4026834227547624
-3984.6471832099973653
-3984.9242962437551796
-3985.0574884044922328
-3984.9466860566767537
-3985.064134113705677
-3984.0567405472061182
-3984.0230459780418641
-3984.7281350796938568
-3984.8817249619310132
-3984.4034554153749923
-3984.4867297325349682
-3984.107248808557415
-3984.9890935742341753
-3985.5523907205933938
-3984.8226020678957866
-3984.2416200891716471
-3984.4478094130340651
-3984.4122295053548442
-3985.1468014023839714
-3984.9540986918209455
-3984.6267310659809482
-3984.4806666466101888
-3985.3367264430494288
-3984.1303327650120991
-3985.3111231723469245
-3984.6956643901503412
-3983.7748411285083421
-3984.1971496271198703
-3984.7661276092558182
-3984.6994029775996751
-3984.7131567819260454
-3984.2823684420936843
-3984.6846478604093136
-3984.8025577622947822
-3984.7406068685822902
-3984.4859402585088901
-3984.7974082080527296
-3983.9684676807132746
-3983.6332566485361895
-3984.2800137642720983
-3985.1337204507785827
-3984.88972499528154
-3983.6779262986851791
-3984.0518044160189675
-3984.6884077977283596
-3984.338860448545347
-3983.7248857257200143
-3984.7885059351265227
-3985.3418551356912758
-3985.0905866597299791
-3984.2243727890449918
-3984.2439556118906694
-3984.6239335456784829
-3985.3458397143640468
-3985.1213472493809604
-3984.5000690021511218
-3984.4838576040565385
-3983.8400669680122519
-3984.4826472574068248
-3984.7641771427365711
-3984.8964938726244327
-3984.7330669447910623
-3983.7064159287961047
-3983.5781243612836988
-3984.6837443920876467
-3984.581587468359885
-3984.1595590262982114
-3984.6941431023597033
-3984.3553366984192508
-3984.4801502143877769
-3984.4749903571719187
-3983.6640722846959761
-3984.2849922535115184
-3984.8460966068787457
-3985.0014529737318298
-3984.8122012681878914
-3984.4116108654930031
-3983.8095038280162044
-3983.4508260437037279
-3983.955601287562331
-3984.4666460743537755
-3985.0430292105102126
-3984.3291741666448615
-3983.7776113794443518
-3984.3543594764164482
-3984.5845672528066643
-3984.2117372557017916
-3984.3088939439107889
-3984.5733859213887627
-3984.1241395890478998
-3984.2279037757680271
-3984.456005594276121
-3984.5671244923082668
-3984.7887431308076884
-3984.3158329447715005
-3984.3410520617153452
-3984.6711373702319179
-3984.1415427297629321
-3984.1268721516148617
-3983.9504543692837615
-3983.9528997045590586
-3984.2892312841845524
-3984.9865862651918178
-3984.3780607160824729
-3983.5717711974011763
-3985.0781159513735474
-3985.1238070363515362
-3984.4641559563378905
-3984.2071730970142198
-3984.4204273378691141
-3984.8771743917664026
-3984.7027430715520495
-3984.6583819667807802
-3984.8261929400209738
-3984.0717070701680314
-3983.760716085574586
-3985.1272785415603721
-3985.5881166848175781
-3985.0804987377987345
-3984.6855337933452574
-3983.9626932947198839
-3984.5339066883393571
-3984.7545713872164015
-3984.881515104637856
-3985.1651364393305812
-3984.7326599794746471
-3984.2358351992274947
-3984.5245927525165826
-3984.9603968623382571
-3985.1703603957967061
-3984.1478074907549853
-3983.6235961264242178
-3984.9701273008217868
-3985.0805605906048186
-3985.4442789195168189
-3985.2366470467245563
-3983.2841133801625801
-3983.2731502586734678
-3984.7581274604472128
-3985.0530472465834464
-3984.4621929139320855
-3984.2475842299049873
-3984.8593948971365535
-3984.9888133057038431
-3985.074491735841093
-3984.3875107043463686
-3984.4992247833802139
-3984.2554737938507969
-3984.9905475351006316
-3985.5643231694771202
-3984.277663897945331
-3983.658403707411253
-3984.9592551004761845
-3984.8381463311475272
-3984.5682857785373017
-3983.829449866583218
-3984.4928953465000632
-3985.3437984705592498
-3984.7990102422377277
-3984.4227122979314117
-3984.0445050192597591
-3984.3465719333967172
-3984.9049411792939281
-3984.441565866432029
-3984.7785579344072175
-3984.534828768612897
-3984.61819458819582
-3984.9084229493441853
-3984.8968246455824556
-3984.5224014662635454
-3984.296977256351056
-3984.924869552445216
-3984.8979255193453355
-3984.7892309156518422
-3984.8210799730950384
-3984.7361167850135644
-3984.6739855579226059
-3984.285692459342954
-3985.0452640723983677
-3984.4176519394109164
-3984.487142514061361
-3984.3598125085622996
-3984.6099268766429304
-3984.6729170243734188
-3984.6062537458237784
-3984.6581452513546537
-3984.2192013157941801
-3984.7434097997079334
-3984.0687622084642499
-3984.9416648096612334
-3984.7401251296801092
-3983.6744030830627707
-3984.6069139692313001
-3985.1058831485006522
-3984.6832817113986493
-3984.7306601933951242
-3984.8882536996738963
-3984.5772333203449307
-3984.0027326130475558
-3984.2765703463023783
-3984.4499275085386216
-3984.6567354064995925
-3984.178583267637805
-3984.2121934355855046
-3984.5990366990381517
-3984.0199860689303932
-3984.2499675626249882
-3985.2662144804594391
-3984.6209762938951826
-3983.4280629181703262
-3984.0636296730531285
-3984.4202848241466199
-3984.4881208407973645
-3985.1544326458702017
-3984.4038582858875088
-3984.5303357649040663
-3984.5973013890334187
-3983.8032540781705393
-3983.8875672343219776
-3984.6291630194464233
-3984.7806630883237631
-3984.3288596189868258
-3984.4588435710488739
-3984.6012129765390455
-3984.2998551088080603
-3984.7742004753149558
-3984.3406416127058947
-3984.2238160841930039
-3983.8872753457453655
-3984.419825676030996
-3985.1976180666765686
-3983.6887427518427103
-3983.3558793195952603
-3985.1425028249350362
-3984.8299850792182042
-3983.9777990245629553
-3983.7272867553424476
-3984.037880374964061
-3983.7591235413588038
-3983.958803236161657
-3984.307564127468595
-3983.8382641465823326
-3983.7566446445080146
-3984.9075433397456436
-3985.1951705961191692
-3984.3608803912939038
-3983.7343294850647908
-3984.0656423499940502
-3984.674577316658997
-3984.2647744706209778
-3984.4772828662403299
-3984.6378173281482304
-3984.0639494966562779
-3984.1061275872771148
-3984.8214534510530029
-3984.7719907410005362
-3985.0002431810885355
-3984.8181850934961403
-3984.6500095473388683
-3984.4761523242023031
-3984.2632597248548336
-3984.4384064837886399
-3985.3190306714304825
-3985.036455692884374
-3984.7066662131956036
-3983.8806915087889138
-3983.9877289169035066
-3984.4404815106813658
-3984.8080711260463431
-3984.482493516357863
-3985.0405519500277478
-3985.6936313206265368
-3985.4564416462517329
-3984.4131345063174194
-3984.3987828546432866
-3984.2624930037231934
-3984.7463447352993171
-3984.6959798709617644
-3984.6294380534586708
-3984.2163898924609384
-3984.7945600938437565
-3985.4238096577978467
-3984.2901465946201824
-3984.4361004626002796
-3985.0812625640505757
-3984.8173526979499002
-3984.4804552813420742
-3984.856880431098034
-3984.8315939886638262
-3985.1241141478781174
-3984.6890117892885428
-3984.1048708805683418
-3984.2549073352315645
-3984.7094341777146838
-3984.7593772400086891
-3984.246308118658817
-3985.11840261039697
-3985.0823817561386022
-3984.5900390297520062
-3984.3916473987237623
-3985.699735099620284
-3985.3060083058330747
-3983.9417713541529338
-3983.6828004758167481
-3984.4423244047557091
-3984.7796158746482433
-3984.9813786839476961
-3984.1773466322888453
-3983.9082238776154554
-3984.0822268208444257
-3984.3296675695187332
-3984.9123229725801139
-3984.9479149141948255
-3984.6196457348150943
-3984.9756377352127856
-3985.1040120226821273
-3984.5005969157177788
-3983.2841230225453728
-3984.6940934150438807
-3984.8942195701274613
-3984.6294194745792083
-3984.4343097790479078
-3984.5959450649770588
-3984.5533333646981191
-3984.7509713426820781
-3984.1209511655456481
-3984.6107233561569956
-3984.9325025001921858
-3984.9271389407485913
-3984.5845040709036766
-3984.457094031242832
-3984.3578105300252901
-3984.9651202242998806
-3985.4882775300625326
-3984.7091504071245254
-3983.9453534145554841
-3984.1476699105382977
-3985.1484667132781397
-3985.1092256163419734
-3984.287155079398417
-3984.0145345172982161
-3984.4379159511872786
-3984.9086147300026823
-3984.426289247974637
-3983.9946793625535975
-3985.6955728020811875
-3985.7724129258485846
-3984.3588876504818472
-3983.2055697373320982
-3985.0518442765437612
-3985.5595396845960749
-3985.4992423336557295
-3984.1408769863191992
-3984.0849761597437464
-3984.0971280837966333
-3985.1315806727598101
-3985.7745551119464835
-3984.7506474079418695
-3984.5336526651522036
-3985.2962706869889189
-3984.7122157064700332
-3984.7360341216631241
-3984.8957814549025898
-3984.0027643540097415
-3984.463530679437099
-3984.5938286847949712
-3985.2790178264554015
-3984.4691879959150356
-3983.8751945043750311
-3984.5654017521278547
-3984.1541543705998265
-3985.1224204431318867
-3984.6913082981732259
-3984.6555530102846205
-3984.8150282093042733
-3984.8154519985091611
-3984.3884580378348801
-3984.4821083079423261
-3984.2185487097385703
-3984.9510038321877801
-3984.620882973163134
-3984.0765840500494051
-3983.8091893888440609
-3984.4931889363301707
-3985.1311092171818018
-3984.961872473746098
-3984.4562540752476707
-3984.6145658727041337
-3984.203722322300564
-3984.1157330387932234
-3984.4380161067360859
-3984.176837860217347
-3984.7564132888187487
-3985.0286738258764672
-3984.068967937690104
-3984.2624274915970091
-3984.9140664533310883
-3984.3594756105235319
-3984.4897210652325157
-3984.7786475171437814
-3984.5283776441615373
-3984.1699867281604384
-3984.1437151263976375
-3984.6466769644898704
-3984.7728019570163269
-3984.7783468154343609
-3984.9035987536308312
-3985.2190224357786974
-3984.2426155452271814
-3984.8801071002626486
-3984.3508955867955592
-3984.0058619644701139
-3984.4323658283774421
-3984.4839831138210684
-3984.7511804396872321
-3984.3143496400793993
-3984.337809286697393
-3984.9123990024490922
-3985.2777568541505389
-3983.7821369201874404
-3984.0357589716481925
-3984.8094111993063962
-3985.0867738403198928
-3984.0846892672548165
-3983.7597683907488317
-3983.9951093735958239
-3984.8963662247742832
-3984.6688756329008356
-3983.8539476898013163
-3984.8780789961006121
-3984.7489506236706802
-3984.6368735294436192
-3984.1038294500363008
-3984.1431471416653949
-3984.8403085306522371
-3984.6086837543298316
-3983.7789195565269438
-3984.9099828781859287
-3985.1766940796001109
-3984.9579934643775232
-3985.1571710022558364
-3984.6113100215125087
-3983.7063853716981612
-3984.3245318552594654
-3985.0791975059814831
-3985.1209520527627319
-3984.6917851731941482
-3984.2902037601884331
-3985.0509780549859897
-3984.6322226697134283
-3984.4327923646278578
-3985.0613912257349511
-3985.0978633753520626
-3984.1086652865583346
-3984.2649868796825103
-3984.9123847727055363
-3984.0010858464866033
-3984.2939331039870012
-3984.7935075432819758
-3984.1720138267596667
-3984.7509931908502949
-3985.0440747865222875
-3984.4498384872590577
-3984.2463150292187493
-3984.0907070633825242
-3984.0086362772599387
-3984.6593789959274545
-3985.2281249805314474
-3984.8308546766502332
-3984.4766825970200443
-3984.3856576824800868
-3983.6443408574796194
-3984.3439654230501219
-3984.9593324165780359
-3985.3422483760077739
-3985.2746986192687473
-3983.8480415656158584
-3983.3826360839639165
-3984.0138024517877966
-3984.6037583544152767
-3984.9287993952252691
-3985.2679324268797245
-3984.9552243292491767
-3983.9736303638778736
-3984.4672691712330561
-3984.8141094024344966
-3983.8694567662673762
-3984.2655226270517232
-3983.6891769585708971
-3984.4236226079742664
-3985.0300367011250273
-3984.7762064473258761
-3983.5058171839823444
-3984.2025753909210835
-3984.8069187439423331
-3984.7807000058210178
-3984.0532389763939136
-3984.1260311264081793
-3984.796660062765568
-3984.4556661585584152
-3984.3590478620380964
-3984.4918662079876412
-3984.3223101777730335
-3984.0384724201130666
-3985.0450930152942419
-3985.5139922812572877
-3983.8484028120010407
-3983.7157464229499055
-3984.2861539677551264
-3985.4647274959088463
-3985.3791856709112835
-3984.0586556896391812
-3983.8299992444676718
-3984.6422261570437513
-3984.7531095952531359
-3984.2952448266887586
-3983.8828051769210106
-3984.5329686790491905
-3984.5678317855290516
-3984.5269277284442069
-3984.5261931291138353
-3983.9310215887735467
-3984.0635368033590566
-3984.6939719729512035
-3985.1362239460145247
-3983.7312160205538021
-3983.7541170341060024
-3984.5607499095663115
-3985.196089768272941
-3984.5548648707508619
-3984.3766442890901089
-3983.779407479954898
-3983.1621281127827388
-3984.0419741329528733
-3984.7160537997501706
-3984.5744419294801446
-3984.5586744793445177
-3984.0030962734549576
-3983.368654026108743
-3983.837562593171242
-3984.0063576355310033
-3984.5605444105422066
-3984.9910149895108589
-3984.5379345930596173
-3983.9359681806772642
-3984.0618535793055344
-3984.8077006893049656
-3984.666873618192767
-3983.7093878551536363
-3983.8589858483564967
-3984.2960095757471208
-3984.5805570827305928
-3984.1592194944214498
-3984.1599199328957184
-3983.8591187351876215
-3984.9416384086171092
-3984.650339997822357
-3983.9094029446123386
-3984.1538990658609691
-3984.2061977077460142
-3983.4368778468201526
-3984.1110128646987505
-3984.9952404426844623
-3984.3445378054511821
-3983.7695847934833182
-3984.2386985469929641
-3984.5772916067749065
-3983.7404138148613129
-3983.6212000552641257
-3984.5398123163945456
-3984.6850800550118947
-3984.7924385532382985
-3984.255304330600211
-3984.2789083484176444
-3983.63333552978429
-3984.1203173048147619
-3984.7879001689557299
-3985.0077992539313527
-3983.7325579198914056
-3983.0240383100867803
-3984.0112276128911617
-3985.3921690781558027
-3984.9691984756786951
-3983.7540787871375869
-3983.5785722058099054
-3983.7826031364870687
-3984.4688625302369474
-3984.4684874580461837
-3983.9949309374151198
-3984.3724320575356614
-3984.33640804003835
-3984.3749614679072693
-3984.2567857850103792
-3984.6908251313675464
-3984.059527087695642
-3983.9368072790812221
-3984.665355121542234
-3984.3713861955707216
-3984.6002017974474256
-3984.5055998074649324
-3984.2059180072164963
-3984.8813364747879859
-3985.03017719461468
-3984.5566322033232609
-3983.6309124160002284
-3983.8234121466739452
-3985.3150436535929657
-3984.8598430677579927
-3983.8965891253892551
-3984.2563726949147167
-3984.204874137204115
-3984.5599251710982571
-3984.422758755445102
-3984.2132356209995123
-3985.0074313976056146
-3984.8609812085828707
-3984.7117450375235421
-3984.0129272022836631
-3985.0167685698597779
-3984.0362733551005476
-3984.0592372979085667
-3984.5976924635288015
-3984.2624466165279955
-3984.6528322996459792
-3984.4778663808433521
-3984.3200668056265386
-3984.3704734460216059
-3984.2135361367404585
-3984.3098116430273876
-3984.6293080516470582
-3984.7852654829730454
-3984.2147277671006123
-3984.2062274591926325
-3984.688115570125774
-3985.0908884978193782
-3985.140164952989835
-3983.8602791177268045
-3983.7913316034141644
-3984.8330468760850636
-3984.1833647214607481
-3984.5823602205564384
-3985.3663694543024576
-3984.9677853589109873
-3983.3294040255591426
-3983.6589164315337257
-3985.0279809875100909
-3984.7708576203372104
-3984.5581010010596401
-3984.199489329293101
-3984.0819139632098995
-3984.6271975626746098
-3984.0547229931248694
-3983.8913678168778461
-3984.6807526306242835
-3984.8956473638941134
-3984.0807245172977673
-3983.8608689350344321
-3984.503688057056479
-3984.4619890885965106
-3983.4702439902766855
-3983.6953240836442092
-3984.4230618255296577
-3984.9459313204461068
-3984.3155303188914331
-3983.5246671631034587
-3984.0288107057467641
-3984.3884662367559031
-3984.8067346116863519
-3984.1066362642600325
-3983.8461481816275409
-3983.8388800663942675
-3984.1020450188539144
-3984.4801128486947164
-3984.1575826506223166
-3983.5327591906002453
-3984.0955217814644129
-3984.6434232113319922
-3984.0906513996469585
-3983.5466365823135675
-3984.622422343578819
-3984.8575901659646661
-3983.9111664647416546
-3983.2214046604840405
-3984.0910460681907352
-3984.0233621470929393
-3983.6432447695779047
-3983.5506800788994042
-3984.3058729821277666
-3985.0367652489562715
-3984.0254715152341305
-3983.4426214002910456
-3983.9425731016117425
-3984.4912744344023849
-3984.6428940748692185
-3983.6444535121236186
-3983.989166760966782
-3984.6046757347307903
-3984.5986315248796927
-3983.5915027379201092
-3983.3686774720381436
-3983.9357044011958351
-3985.0381766501800485
-3984.713372980585973
-3984.141180451841592
-3983.6532783480020043
-3983.5456150297236491
-3984.7616136447832105
-3985.0465619684268859
-3983.9635245576873785
-3983.8922128306953709
-3985.1980370587616562
-3984.884301593843702
-3983.8038158606318575
-3983.0900568218248736
-3983.9654320497929803
-3984.4765036169810628
-3984.181123901594674
-3984.2223110952650131
-3984.8638811049040669
-3984.6061160232320617
-3983.7083418163279021
-3984.0934051679405457
-3984.4021517425035199
-3983.8693276088583843
-3984.5363167219938987
-3984.5484807751554399
-3984.5619210972731707
-3984.9524902597672735
-3984.4962228696763304
-3983.5132486134184546
-3984.4674871812771926
-3984.3952662212882387
-3984.263489440070316
-3984.0883336576389411
-3983.9751513887144938
-3984.6381713682412737
-3984.8320694946987715
-3984.2025671944311398
-3983.6205285029564038
-3983.7613355290200161
-3984.5439948760858897
-3984.2511578333073885
-3984.281474222675115
-3984.3746242895131218
-3984.3124414968483507
-3984.8328537915981542
-3985.0768570982731944
-3984.1905126400733934
-3983.7111170471080186
-3983.8527331544769368
-3985.3143557644661996
-3984.0485108413136004
-3983.3492799635087067
-3984.0034861651124629
-3984.3205545932823952
-3983.9230506835028791
-3984.7137608611928954
-3983.9021204639188909
-3984.2785742183286857
-3984.6872036876929997
-3985.0731317303220749
-3984.649665021943747
-3983.2469022241953098
-3984.0509885427159134
-3984.9373705738889839
-3984.5090838570708911
-3984.0235443805681825
-3984.492648372347503
-3984.3912970900587425
-3984.2597382789617768
-3983.544703860237405
-3984.0914275905493014
-3985.0900098248985159
-3984.4045895904359895
-3984.2373412924580407
-3984.0238745429724077
-3984.8494589089937108
-3983.9172292702642153
-3984.7754430751215295
-3984.4347307666612323
-3983.461171470532463
-3984.8682459521687633
-3985.3162657835196114
-3984.2905268304411948
-3983.8251286881391025
-3983.8907381050321419
-3984.1727013469726444
-3984.3519535694640581
-3983.8729198875244037
-3983.7760370232858804
-3984.4976868759931676
-3984.7677367764094924
-3984.1772147931369545
-3983.9005988068170154
-3984.0108404779198281
-3984.5755629241384668
-3983.6824128260850557
-3984.1753110107119937
-3984.5364546154205527
-3983.7302470010208708
-3984.4540610871108584
-3984.8500359152158126
-3984.4437069383989183
-3984.3403592937484063
-3984.0910140799169312
-3983.8503915445880921
-3984.0167425038166584
-3984.5418099317134875
-3985.0382113531018149
-3984.424564081150038
-3984.498909604641085
-3984.3824909116810886
-3983.357372259802105
-3984.0358631884328133
-3984.7896264747018904
-3984.0816273265181735
-3984.1740763234192855
-3984.6323683605023689
-3984.0438503971872706
-3983.7643665362729735
-3984.4706348888148568
-3983.9594358937592915
-3983.4643541672489846
-3983.7231523450295754
-3985.2157882156502637
-3985.3646899257473706
-3984.792226178155488
-3983.5285206463217946
-3984.2345079655883637
-3985.04416249067026
-3984.985032327409499
-3983.7286026456058607
-3983.769305010914195
-3984.3670893282596808
-3984.1564441506666299
-3983.766187751346024
-3984.5284190605516415
-3984.7443378042071345
-3984.922160435324713
-3984.4581615385664008
-3984.2903609064564989
-3984.028835827687999
-3984.1493320306453825
-3983.6754137297234593
-3984.5441872738883831
-3984.5153251086867385
-3983.7490054926070115
-3984.0436505086040597
-3984.2917915540974718
-3984.693564100000458
-3984.5278521541627015
-3984.1293581300833466
-3983.8744743966626629
-3983.2890711188601927
-3983.8225572872906923
-3984.7313284641268183
-3984.5626384926836181
-3984.4387555928688016
-3983.7933208198119246
-3983.2966804555894669
-3983.8740694795860691
-3984.6762563048632728
-3984.7231711405811438
-3983.7853427513091447
-3983.4684547929773544
-3984.9887887097756902
-3984.8121680187291531
-3983.4302851134530101
-3983.880973600057132
-3984.9312525867080694
-3984.2503809511536019
-3983.5307752002640882
-3984.6258417905091846
-3985.0171474127773763
-3983.5934603726113892
-3983.6977733394774077
-3984.7575743029547084
-3984.4179840789047375
-3984.0684521439520722
-3984.2848877378360157
-3984.6594363357708062
-3984.4984570605647605
-3984.6005698227222638
-3983.9848467251044895
-3984.534412206250181
-3984.7684617235431688
-3985.1448979705810416
-3984.8758264783573395
-3984.9683892238554108
-3984.4791057140168959
-3984.6053776912604008
-3984.9105794728211549
-3984.1367347945097208
-3983.7901775959180668
-3984.4984494565087516
-3985.5278797192008824
-3985.1150142367469016
-3984.8345589939790443
-3984.6709114812974803
-3984.0213348913571281
-3984.2182144683192746
-3984.6381711324820571
-3984.705556085574699
-3984.7928946220999933
-3984.7864645537988508
-3984.1459202645910409
-3984.4001985409058761
-3984.2216535987622592
-3983.8962657513884551
-3984.4538137464178362
-3984.6865907798564876
-3984.6605738587581982
-3984.2413421432011091
-3985.0467473290527778
-3985.0183709697366794
-3984.6992602877912759
-3984.5248110099264522
-3984.925425790270765
-3984.9966584249632433
-3984.6933072668489331
-3984.4453622678743159
-3984.3083136869813643
-3983.1910853809754371
-3985.1747145670756254
-3986.6350610395998046
-3984.7969737092539617
-3983.4077781013738786
-3984.7489012020719201
-3985.0589204364109719
-3984.2814112200867385
-3984.8148159568654592
-3984.4405109571762296
-3984.5066225232485522
-3985.0367765376508942
-3985.3919634462317845
-3984.5831733926470406
-3982.6974966785201104
-3984.1164684590016805
-3985.6555406557699825
-3985.3068733299464839
-3984.8092378556007134
-3983.9119019295339967
-3983.9085105331910199
-3984.94160422373443
-3985.0256663976369964
-3984.5074929131974386
-3983.8816691430679384
-3984.1356339116446179
-3984.4357825862452955
-3984.8333601428080328
-3984.7206883878898225
-3983.9359945200194488
-3983.6664888329742098
-3984.4275467263769315
-3984.3475480174820404
-3984.1015405304347041
-3984.2006119256539023
-3984.9362364507232996
-3984.3734092730387601
-3983.5821971530453993
-3984.2132636677865776
-3984.0443756565937292
-3983.4782048988704446
-3983.0586957122545755
-3983.7800007571868264
-3984.6641719848526009
-3984.9711271116575517
-3984.0859360389226822
-3983.6996424539483996
-3984.464021633260927
-3984.2298705183225138
-3983.4329176870883202
-3983.8420613997996043
-3984.4667295109343286
-3984.4098572400794183
-3984.4156945740983247
-3983.439023276968328
-3983.1342194941589696
-3984.3772567813011847
-3984.9231039554624658
-3983.8187126708407959
-3984.1662158519516197
-3985.0623795537335354
-3984.4644179158453881
-3983.5342290799262628
-3983.5546098298759716
-3984.0219639374372491
-3984.8723051256624785
-3984.7750683822255269
-3983.926529082750676
-3983.4210676007792244
-3984.4386590358967624
-3984.3047817882597883
-3984.4938690727531139
-3984.4623123308897448
-3984.4254409574546116
-3984.1362540602790432
-3983.8497887198559511
-3984.0470703746354957
-3984.5321135012572995
-3984.5734444142617576
-3984.076240566881097
-3984.2686797189135177
-3983.9343203425387401
-3984.0112668866063359
-3984.1060460467542725
-3983.9315492113814798
-3984.2162884781505454
-3984.626907450300223
-3983.9112816957795076
-3984.0301531616842112
-3984.7512664833570852
-3983.9058484182914981
-3983.3808920660349031
-3984.1436983773041902
-3984.3599025466946841
-3984.1126574341196829
-3984.4700093646965797
-3984.4423609406044307
-3985.0234060850880269
-3984.2468977014891607
-3984.0574993997674937
-3984.8685677646717522
-3984.7135435490808959
-3984.7024406691202785
-3983.7099016509059766
-3984.109107592988039
-3984.101595203888337
-3984.07372974451755
-3984.7662835336136595
-3984.5354616323534174
-3984.0160327003131897
-3984.3973496138273731
-3984.5501843339247898
-3984.2494366735700169
-3983.7706867483902897
-3984.7565546620699024
-3985.0179684753898073
-3984.1736467669361446
-3983.1475164085236429
-3983.5103752214404267
-3984.6176210137195994
-3984.9006828865312855
-3984.2481156812350491
-3983.5525302349624326
-3985.3218923828289917
-3985.0187504947716661
-3984.4263861534514035
-3983.5570964990984066
-3983.7305828332341662
-3984.7640509514799305
-3984.2106488442177579
-3984.8205927537401294
-3984.8152451505056888
-3985.1196529982221364
-3985.3052458932556874
-3983.8215142159692732
-3983.6479759231224307
-3984.6631494359030512
-3984.589507159724235
-3984.9387666790144067
-3984.8873252416228752
-3984.0421541617001822
-3983.6705086318838767
-3984.8171376786676774
-3984.6111998734977533
-3984.4161967180148167
-3984.9615035180599989
-3983.6175645418834392
-3983.2808837842658249
-3984.4202890930591821
-3984.3388148417252523
-3984.3039468130896239
-3984.1712085129411207
-3984.973748101894671
-3984.4170350004869761
-3983.2475513778185814
-3984.4788399852986913
-3984.2610270522272913
-3983.8890160139430918
-3984.3634690882349787
-3983.71921852351079
-3983.7510047233522528
-3984.7911690279615868
-3984.4512131128321926
-3983.8999480250299712
-3983.5511866285200995
-3983.7774292458639138
-3984.1297443284279325
-3984.3077699862233203
-3984.3568903308159861
-3984.8222556713030826
-3984.757571599885523
-3984.0741227641346995
-3983.8269028153945328
-3983.9481813611159851
-3984.0593674348751847
-3984.2479747258093994
-3984.271353310415634
-3984.3546885329960787
-3983.2504356696449577
-3983.9146659320213075
-3984.4703052600611954
-3983.9788890486838682
-3983.7873568510103723
-3984.3453241474599054
-3984.8457470192174696
-3984.8560662673166917
-3983.8450828500522221
-3982.9751727683833451
-3983.3967255077341179
-3983.9246519254411396
-3984.1083548703199995
-3984.5423313867399884
-3984.8281461140645661
-3984.7934025105137152
-3984.5373598057708477
-3984.1507586008233375
-3985.0778937437139575
-3984.2135605567727907
-3983.9479623185306991
-3984.3962269435014605
-3984.0896070716521535
-3984.7054186356608625
-3984.5600464458016177
-3983.8865372294735607
-3984.7598136724222968
-3984.9871224943653942
-3984.6255796732361887
-3984.7784489167711399
-3984.3773546653646918
-3984.607104962905396
-3984.5821230413089324
-3984.1125672982379911
-3983.6470839782723488
