# Fix print output for fix ke
750.2201315281809002
758.02602178754796114
764.565252033239517
768.2672574778116541
770.51472918669071532
771.15770945491340171
773.38168049064404386
772.9191960060323936
765.94766722871861475
762.09543573629866842
763.09055702520993236
761.81728586815131621
758.31098178011120581
757.9343290179002679
765.07502446723390221
771.59945493833583896
768.27446810996775639
769.41483100711047882
778.16013737759988089
780.64571080718826579
779.98118494444508997
786.50981342466377555
796.92178993065920167
801.52192100125262186
792.6293397216069252
774.4864830203521251
760.2375483368876985
757.50645763137436006
762.40976306397294593
765.39779659361533959
770.37076107216478249
775.79486778432703886
776.21570110286984345
776.03988182077421243
779.7983008104719147
786.8499521058196251
788.9750079421700093
782.83691246998910174
774.58745293652123109
771.07783101442123552
771.14342690672447134
771.80047573039723829
764.83098718114410985
745.51556647927202448
736.17842102219935896
748.18461537510108883
761.54916974059074164
768.6280099789396445
771.05028280203134727
771.25003475437870293
767.17536457251549109
757.83293419588949291
752.76735545814631223
758.19866571416537226
765.44617679902660257
764.54157856952303973
756.85196605423584515
751.05601247868764858
754.76752480653260591
764.85481955178852331
770.34657325218245205
766.10478219254150645
762.16115136370513028
767.91317282598674865
777.75975181275805426
785.12530741603461593
787.94866455003796091
785.0414900065668462
778.60618031048113608
770.47824825273380611
761.60987951021036224
754.48450323105305415
751.28071724103290308
754.83261692529765696
763.30164413558543401
763.75441174390869037
750.62434173898304834
743.66273683129907113
752.10603941578131071
767.18278797218761156
781.28421257818797585
784.44018763967301311
776.18309289047078892
770.84136272026603365
772.42103794456227206
774.20076335900296272
774.94117186299558853
777.90531093658944428
778.96986050874113516
775.26909734353512249
771.00819983498490728
771.49578507875264677
778.54368573844612911
783.47958655511661163
778.35716752487928716
765.05892570996081758
759.78850850682613327
761.62560745387645511
761.62570323172678854
759.31218210200006524
756.33924249531992245
760.80654625233171373
773.22260806273868639
777.12809818880862167
768.33657910000840729
760.00943118552027045
761.42135465971796293
767.30775498868001705
767.90654706787802297
766.89988776732627684
775.28122395450577642
780.74886734431254354
776.58276966619280302
770.31962859068767102
771.16870524990076774
776.6144435441801761
782.11933344891565412
785.40150478123678113
783.59438675463934487
773.06753838593692763
759.7400848739742969
759.37618359198972939
769.91797644803716594
776.90792311197481013
780.8113980105531482
782.02146288529240792
779.20081087710036627
777.58876390067257489
776.0768382132247325
769.21296137475872001
759.60246075614770689
756.11997204499687086
760.47105221822300791
763.15465367836043242
761.06098099900623311
761.53633446177445876
767.40111444594424484
772.46276003084722106
771.23095918032697682
769.13386783488124365
771.00277582478031491
768.04539175584397981
756.70467595739444278
753.2596074373028614
766.39390345248943959
781.90354362290975132
786.51031648230173232
775.72085393682550603
762.0670006434120296
756.60151981657872966
751.96481721308873603
742.15358405267943454
735.02405750316040667
729.52220150853599989
726.68047304321021329
736.13757817623172741
751.63956110389335663
762.33298426417297833
769.0283733730793756
770.10242256534024818
767.04782040985162439
762.09394627784934073
759.71047719238288209
759.70338489859841502
753.40654314243033696
739.91694512536901129
733.49586883322729136
743.5706787705531724
759.09369482780732596
768.84005181550935504
771.61096912085326949
770.6906920843637181
769.25764819128391991
768.55124367093503679
767.50738457170677975
762.06017187347015351
754.41553251150969572
747.39221694746993307
740.20501628168744901
743.86431762513359445
761.94453338117978092
774.89894607381654623
768.97119435387855901
754.36100959781379061
751.5856248555297725
762.70024123337498168
775.54375978327584562
778.33543944357177224
766.7728455702787187
747.05134781151616608
737.09127574827562057
743.8015401799641495
754.29762552236320516
759.26903912821387621
754.94232605007039183
748.48466894839725683
749.80014880883823025
756.87002904159862737
760.44945979924614221
758.23977225262865431
759.81190601687751496
762.93314142529766286
763.4628732790936283
768.13650400518270089
776.98678570192328152
779.95576345050858436
772.72713865646494469
767.05740730986815379
770.8299353173979398
773.81265465721651253
770.39842742704774992
759.63272102575251665
752.02741920334767656
758.36936579491509747
764.99094360859567132
765.95459220924863075
771.73593438458328819
776.31755298875839344
768.07266182170542379
751.64143967865811646
741.38712569414747122
742.7308736535708249
752.4976496087643909
763.55404217872535355
766.80769360286819847
762.84458003027555151
758.6979420367046032
756.25886729893306892
747.96443622008996499
736.51126823604147376
731.83428936605696435
738.61117913326472717
749.96120613892890105
753.68906458840001505
750.87433202878060001
747.92213732588004405
745.69367918579689558
744.53769538948120044
744.19786042315467967
744.81588693940386747
745.92856780264457939
742.85334002459410385
739.49212206378570045
743.24451987679117337
752.37261461475020496
759.80135458089603162
762.32512121090235269
757.34203264113591558
748.18603822638408474
745.37659435997204582
755.49219680541705202
772.73907038942581949
786.61743572602938457
787.07291912675384538
776.57419391446228474
770.05152762258512666
770.25946672967984341
770.53597862230833471
765.84962994737793451
757.22076950709094945
750.82791760935822367
755.2906291442230895
773.0103740143313189
792.82519512239593951
803.78533171008746194
807.73744293752758949
800.43108141239372344
784.33065198341523683
778.16006617903030929
779.93221334408644907
776.12916281928983153
769.337323190363918
761.19998776704903776
753.1099647560312178
751.03586533202872033
754.03254532417861355
760.25927097762325957
762.0248056213546306
757.55786762436923709
758.10720832845743189
766.02110406283145494
776.61338016002798668
786.83724254550054411
786.04283277548654496
776.94483579426753295
773.26829971430800015
771.99282309532020463
773.37245096232538799
775.75254810871103928
771.94399830267025209
763.336890541887783
759.32933848635707363
760.9248774797315491
759.53091389641303977
753.40898896632222659
746.98471434864779894
745.90450888433349519
748.30924956544356519
743.94146014523812482
734.34461406751563572
728.50883714836606941
732.32319333306952558
739.16655113589683879
736.88462343431876889
733.81387358696645151
738.8834697247184522
750.8368269217201032
768.47419256023147227
783.30037690925075822
786.71397698811415466
782.10524195806010539
777.0576752599390602
771.750614531134147
762.00306774969055823
747.16408451819199854
737.88370572863800589
742.8442832609961215
758.71538202495196401
770.94632156483703511
774.0096501025083171
774.8452313900588706
772.28186278975260848
767.72776638168704721
766.17596087134324989
766.39391507082916632
764.74290125977825028
762.2898640981054541
761.0892084461684135
763.08909388815072816
763.60287736323550689
758.77364728795953397
754.61709652734009524
758.98725249106860247
768.22453774511939173
775.8162509108562972
779.63787600312446102
779.34845480653950744
771.62818753889268919
753.09587677902231917
730.75435960044592321
718.32932209355726627
724.29700124949874862
735.19449346661269828
737.29867065906137213
738.34735586179010625
747.07622900945602851
755.44929856339479102
760.81632448459311036
766.84145905851755742
771.96677971095300563
780.40938652859517788
788.83164950376487923
788.16819814795962884
782.44727928300733311
778.74794191381079145
777.71101529465011026
775.66502556123009526
769.95108360483106935
765.02987020482919434
762.98592953145816864
762.14650353843683206
762.00254815354776383
768.47539239284503765
780.29429164347095593
782.32557716777137102
773.08211887177083099
763.59810033822259356
763.05263821455753259
769.40424731319205875
775.6714179052196414
780.84665231211636183
783.86307457040072677
784.48741434819112328
785.71136691977324062
788.97631487255057436
794.10324727127203914
801.49280102695399819
805.05772885022622631
799.30193265344507836
785.91840148150970435
773.70190490395464167
766.76470838195632496
762.74125530626838554
759.60819478363578128
758.91908928276097868
758.47788898097962829
754.25101546564712862
748.44824438204875605
746.54325595821990191
751.87401921408104499
764.30230182101865921
775.24798894392517923
777.72944749704902279
774.92623518932055049
773.1241209539908823
777.22455871219028722
782.85771916342116583
782.16369057113786312
776.70463606573810011
766.51846414335875579
759.09886932210577015
759.35533664116223918
755.39931914375677025
740.69780793797860952
725.42417668563564348
719.98555080661901684
727.94472454263200234
742.57755725555807658
751.6538990295862277
752.34546011453096526
757.086832324715715
767.54430905277774855
773.94872000935731648
776.05511474826289486
775.5369246331465547
775.45974035804863433
779.00815647916215312
776.09660956126458586
758.87762183101165192
737.00430152562898911
728.19180625177784805
733.35064749021614716
740.6118308997135955
749.56025260990497827
764.84483729334294821
780.29706908595801451
791.74842697084568499
794.00556511079321353
785.70305914399773428
770.87613561282705632
759.35887345557659955
760.27643605533467053
763.77912513082378609
760.33862532259593081
752.25425937865622927
743.12709979703390673
737.87559340618452097
736.96953157069094686
739.84657150803479908
748.48496539181473963
761.28110081233057826
772.88377542691125655
778.55192536285528604
774.48537397971358587
767.09366653770757694
766.75902681417869644
774.56107611998004359
785.81535205548334488
788.35928933836726173
775.95198425565695288
761.57477730930440885
758.20130856433218014
756.37337081868292898
754.28496384754384962
757.01346684434247436
763.52127441991729029
767.02412785164960951
765.66074598581019472
768.38543390838151481
774.54615072376964235
775.63320211571999607
768.98358934253633379
763.43027786707352789
767.23579001148277712
774.49265909198561531
778.02446234475883102
773.74405381352357836
768.44411993014375639
768.6842559785885669
774.42005893218697565
779.16523264377053692
774.42934179960400343
763.97296153659090123
756.52351940159496735
753.32628609201015024
746.83108042150354322
737.50052448145868311
729.31151078843242885
727.24324464274764068
737.2017891483025096
749.40424423941453824
750.70216744777735585
749.12997398519212311
752.68229583472782451
762.38286883945590944
774.37441862577782103
778.63014661478621292
780.99938160207796045
789.94998065120830688
799.63746483588647607
794.31971950089609891
772.68435237087214773
756.42369184259007397
756.26686466017224575
759.61923546195441759
758.61900046946948351
762.583708518747585
768.45993793746060874
771.15797532433771266
774.68835904323952946
777.99689379101607756
773.47451413484486693
766.21946280513270722
766.60038293239961149
771.31462585383599162
777.26907597763511149
784.66001853378998021
790.03940595598464824
789.38747153547524249
788.5749847208689971
791.47602345680013514
789.90349531118931736
784.4652315300581904
782.80724726182825179
790.34379122243797156
806.22900230265111077
814.54324528837958042
807.9458024023181224
793.75179947654157786
778.82150889466095123
772.0670498784082838
774.73870963129888878
776.7612820634271884
775.85590932074990178
775.9581318310995357
770.52496273799124538
760.8205019436575185
759.68723778591345308
764.600659555992479
767.52186975776828604
770.21046042516013586
773.17431806001752648
763.32112552944511208
749.8223097799838115
755.5494497688868023
766.35484944889276449
765.82495723343731697
761.75874375966327534
760.56734214098491975
760.30668362274332139
760.21702754378588907
758.03640767331410188
757.70514873671231726
761.33200281268773324
759.93794952184634894
747.38176507940806914
730.40069496700027685
719.7069225377362045
723.95073236040832398
739.11811000835814411
752.92190584558898081
761.48008756511751471
767.38459793990671187
778.32602867094453813
787.50014279106710546
786.43684843126197848
780.29588570005614656
775.00518900825375113
773.83249438156394717
778.98457101026747296
783.57948966016988379
782.74514383026678388
776.67372027490648634
770.88013146310640877
770.41700068303748594
774.37886954886357671
774.74956370447364407
768.79194623041803425
760.74743619960656815
758.18397168802334818
760.46928633264451491
765.34943311402730615
770.36810043979448892
767.59609843130022
764.26946821356636974
772.38254996065927571
784.78154214225594387
791.96043354866196751
793.28588202400487717
789.29156881468350093
783.89419420825242923
779.12911106179342369
774.42312266744283988
771.64256201277453329
772.23758572574377013
766.97985794764599632
754.55024224262683674
745.29233812414861404
748.72896693618440622
759.67700622770519203
761.92366820645247572
755.51905622728452272
753.37115440248328468
755.37273416908010404
757.09969626280951616
762.2754566959214344
766.68239532882205367
762.31802479317036614
758.76142393526708929
759.9574973499538828
759.98550892134801416
757.10918930560785611
754.30381454527878304
755.63058455481939291
760.77848611729177719
762.81944886090320779
761.51340630934942055
766.80998106213178289
778.85295582185631247
784.75543399089065133
780.35724243984066106
779.56959296499201173
779.43075635640138898
778.20458578734667299
782.6385422625985484
789.08437370651097353
785.94730002621736276
775.81659910256519197
771.6536621824127451
777.28872903908097669
783.47423707789164382
783.30595243756840773
780.210245505721673
779.83570297904316249
783.23658036198150967
784.63493370653611692
780.72470778983392847
781.67302761937583
780.79634006162007154
774.4928666601341547
772.58547760987676156
772.4282310338383013
770.17883547097187602
774.09389194493348896
784.64207152420829061
789.98120886249625983
780.92277482963390867
765.06114515272111021
757.798490193288103
757.58196442602161369
759.79230076313604059
766.32439318505373649
774.64484482760451556
781.11477350824554833
787.00889158203813167
794.8838041584980374
798.89682923938619297
789.91732763988579791
772.37957706977044836
762.71293762453410636
764.1800844919107476
765.82400917421330178
761.48522495962004086
756.62253802011503012
755.63185818587567155
756.93286830075533089
764.08436935673694279
769.06284726302487798
759.40563134734441064
743.59690640014616747
739.32618894327185899
753.5676665065745965
768.39239848617023654
774.633550463612778
773.90085444680266846
766.56940253148138709
759.01841922611947666
753.60335878668615806
754.58189700020488999
763.68430612832662518
771.3893266315432129
772.33448761286945228
767.35155233751720516
763.43381113199450283
765.65245351823091369
768.65105549630459336
771.44364147376791152
773.05724972828284081
767.80573753348096488
757.84384635130516017
761.0823321509321886
779.44903238570645954
793.76869818424563618
795.03499519890556257
779.57113978957272593
755.19806590399298329
743.20093757029587778
749.48806298717852314
759.52854871705437745
762.82956785923079224
761.21327964358260942
759.98989338935109572
759.88557171160277903
764.02694267502874936
773.44609472593435839
778.7072202623027124
778.9733194555898308
785.23710491517374521
786.02219137512315683
783.73719202330710232
782.94829646977950688
782.96212533633729436
784.52451823008834708
782.77118330565440374
776.71657825221348048
774.73801569257386745
774.16534133725417632
772.3745355094840761
776.95489387543659632
778.68357516665764706
775.99960016094348703
768.64527246778902736
759.66274457601787162
756.18302363478687766
753.02182261388895768
748.39806960065129715
747.25589100575518842
748.48263706044463106
747.87734689725141379
751.29014774761196804
757.67234953994068292
758.05102580111918087
750.72720936848577367
746.09054585125500125
753.49877104245263126
766.1030642300014506
772.78337800034398697
774.94136749931624308
778.31155486278146327
784.64625307585242808
791.26818815331239421
792.63830723811531698
792.94330103593415515
787.10024079061713564
773.60561284219227218
763.98276357687461768
765.63504644856095638
774.30423674277096779
782.50524074255076812
788.36652812645081667
788.59111495344609466
788.78131518755628804
788.86592087820247343
786.52318102710580661
789.42824643783819738
793.45808601533212823
786.74211217955712527
773.04297386306086537
763.77156604178207999
757.96747899735464671
760.193703340546449
773.38294452356410602
787.5909530599012669
798.00552682549403016
796.25987799993345106
790.31564267268970525
795.96625581565797347
800.25762380021603803
794.9557465156839271
792.93615724422738822
790.49498491757015017
779.57278303989573942
768.51539860611296717
766.96669722735293817
768.90949239671238047
763.5394568215755271
753.74847544153794843
746.41709558395655222
742.34664397056201324
742.18536700297852349
744.37310298335796688
746.25233705931657369
739.78543530496483527
729.68732217374383708
732.25958703247738413
745.24220910469318824
752.80592112185672704
752.63591833491375382
746.22701327556046635
741.22904419482904359
747.15250479222470403
765.1216522172006762
780.97189803426431354
788.90011053184696266
793.52938159106929561
791.26207218678609934
786.38397622240267992
782.10165454246441641
774.83674641227582924
760.50818413147430874
749.87079097349828771
754.57247350263264707
770.84432448775930879
780.41493650310678731
775.7563455822908054
770.33096835713797645
766.68302960530638757
762.0808869252026625
758.41709652849385748
759.37424701020472639
762.42587487451464767
755.21301258986272842
742.98951848474962389
744.17853408419955485
749.41392921396561633
751.92067566328751127
750.2905260145015518
753.16128488248057238
769.67016862906405095
791.13553816946375719
797.29326441762646027
787.75304820166002173
778.00087606891838732
771.74315046445383359
767.1038794371104359
759.53700496582428059
755.12399692615520053
762.63902658985193739
770.21213494018695656
768.9094781960399132
761.34828001404173392
757.11851490520859898
757.60861441996428312
759.01309408599445305
765.76805984941768202
776.83486568774162606
782.66240939704869106
773.84423087394850427
760.5639868413146587
754.169307087415973
751.29059913221090028
750.64643854289192859
751.18195669105784873
751.32434039576685336
751.55578458136392328
748.98613062409287977
745.43315976691928881
745.69222828249064605
753.56974056017270414
766.22121534247514774
774.88046398653318647
769.25605440945514601
753.26050403275189637
743.05571334236810799
743.86106459297320725
748.42654638783847076
755.34803002539513272
770.12615106829412071
782.17646042761464287
780.66235803288725492
773.42350963034402866
765.38723633987092398
757.87546130513760545
754.57059360503501466
754.76093591782728254
754.4659822228604753
754.2545071515547761
758.09853098917869829
764.82279377129793829
769.8229513489841338
768.35329487430522022
754.82296246157488895
740.72540334386030736
748.09743325599208674
767.2142303444323943
773.57339519942820516
766.00917284976333121
759.32927181879279033
759.28067257748386965
761.60567110977376615
763.35035445573373636
767.55537898178238265
773.83476033115766768
775.65657751744231518
775.32059909772772244
776.74812199836367199
775.39710740567647917
768.07545837166890124
759.69001223136092449
758.19065775412764197
759.32934629337103161
752.96931852508350858
746.60239383856639961
755.79310573197346912
772.20595407781718222
776.72917521019542164
773.14696083523051584
769.34064797168912264
770.39446825947425168
774.64744273282383347
771.88400194767928042
767.09995868755140691
769.54704743618822249
780.99654145134275041
793.64481994986601876
796.59713790971250091
789.68230726705394318
779.37639953381699343
777.45780200030253582
784.81792322279966356
784.09759344618987598
770.48578851389686406
757.64876192536928556
752.71852641732255051
751.12850799733814711
752.99252097307953591
762.48526984935574546
778.61404778476708088
791.29743766501712798
786.08001094808298603
771.61426284349977323
769.19618996165081626
777.22153473083790232
784.5188520055293111
785.73128648273575436
783.58790276417380483
782.64149124111042966
780.03104639787295582
776.63507342661262101
773.90411727051753132
769.63054105231321955
767.36875085465999291
772.42870418136885746
778.65467654218616644
781.2755383651858665
780.75945256286115637
774.5557371453895712
765.85723999779668247
765.35885192919113251
772.16308469771729506
769.04114351021610219
755.74825077685284214
742.79213830281321407
737.18167247534665876
744.79610462061270937
763.422160349146111
779.87526257523813911
786.01243296108009417
783.78197039242945721
771.95494695518812023
749.94052739295625543
735.68434279466316639
745.64683650523409142
765.77714347538051243
781.98082222596633528
788.75428674322643019
781.8107598712916797
770.74024524574565476
765.60373747957817159
762.06166220568786684
761.31913568690504235
770.47109617044065999
788.81565000960961243
803.66707406545151571
799.71619787902181997
781.99335966572834877
768.95001037621125306
773.56057618379759333
786.20677794479331624
788.56830841713656355
780.66807050064426221
769.93932302895393605
762.9942476574713055
762.74257045626370655
762.19503884296432261
756.22370869003498228
747.72391718489416235
742.36896098004467603
746.49439098941752491
758.26956831226777922
767.89931349775451963
769.19233951220462586
764.53486524825393644
763.56475502039654657
767.66241319369282792
770.33892902232844335
770.59739573192609896
766.78310288255977412
759.01924892601334705
758.97474675793489496
767.24939977919439116
775.31451313841682804
780.57860620160602139
780.55363719328568095
774.21785980599747745
763.56021509039965167
751.79950200852124453
744.05482914322385568
734.76172244142287582
727.10922046033442712
731.72756138119780189
740.25373636124254517
744.00790855424918391
751.81941849633631136
764.83824953636167265
769.88264019552013906
766.96342696390456695
771.02061636263374567
776.15294292846624558
775.80064462751147403
773.20930319928800145
770.92391870948426913
770.88829574885016882
771.86100898700294692
775.66622923239924603
782.72985915764661513
782.55801079641344131
771.47660805338546197
758.76846909343680636
750.28518906530734967
746.90997323884835168
751.07699840316126938
761.84167242489399996
774.92029251145527269
783.49495400781131593
782.82820124658474015
776.686914411353996
773.05992039471641419
776.89019859195320805
780.02230786765812809
774.63476601901857066
768.95366063129654322
769.07552020474929577
769.94493468778227907
761.20590132290101337
750.63336513405442929
754.92685340282321249
761.26370609404136758
761.09367060686247441
759.5204418736907428
758.70840885368886575
759.97376153108484687
763.76778051659823632
765.39705496708313603
765.24180642780413564
764.12969511864935157
761.06415133295786291
762.40062932742557678
765.73482135011772698
765.35151466661261566
766.43159768960572364
775.72734957872364703
785.88591606880481777
794.11643658937941836
801.95119174481442315
802.56610372393186026
799.58703565267137492
793.39739170912605459
790.67371070656020038
798.49331525145646538
803.69332945433177429
794.8368590952015893
778.60009772367334335
769.66334082632158697
768.42811298852109303
762.07290464981429068
750.911040650189193
748.73558848629852491
756.96214147572334241
766.35692665151725578
772.94555907388769356
776.23669249495901568
779.99872869311184331
787.0207409526635729
796.2692077411709306
801.44611462841908178
797.21207195082422459
782.24981098777607258
769.16142224402642569
766.19205749252284932
770.34739148378446316
775.5993875120921075
778.25007776502945944
780.59897366002098806
778.51270135726042554
769.11075818432823326
759.74511851956924602
754.26480084168542817
754.55776210052022179
765.09404346400333452
779.00999189322396887
787.27420748949919016
788.49675266409030883
788.25322083426704012
796.20885833713657576
803.11046384338601456
799.87686573752228014
795.18936805143005131
791.91247808731282021
785.65828515567977774
788.50940541286513508
795.49549577064954065
791.24199406386105693
786.08559198856107741
783.93170833842555112
776.90412202442246326
768.56167883404179975
763.23355980828421252
761.59380768495134362
765.56115628009456486
777.45504155865342
783.05273009432596609
778.31937607311658667
770.41590303068733192
766.9285632522889955
771.93332315639861463
776.00240016539896715
772.15269669599251756
773.72078135575520719
785.33883092658425085
794.87940635400593692
793.61026319285576847
790.29674259597300079
788.69475408408652584
784.52839031494920619
781.15641420996792021
780.89449952869574645
776.92753754933380606
765.97569606032129741
752.68103877793316769
750.47602716273354417
761.1659817503366412
767.7987154213856229
770.64795443613832049
776.73521375125574195
787.58735175081267244
793.72515808302171081
788.97200361212571806
780.05262760352775331
780.85814315693312437
789.9247265111505385
793.75794826947992533
788.64875417544817537
780.64781544680624847
775.63510899278549005
773.68964857859987205
771.65414364541550185
767.30717497742955402
764.89585572671762748
761.70245833508897704
758.50733114398508405
767.99174622180316874
787.9038097378090697
804.2629863845206728
803.57228365750677312
783.86702009021314552
771.35535515301694431
778.11732339031516403
787.06059790054530367
786.80963260411101601
781.34995515611569772
775.87615810851968945
773.38285614362985143
769.58823263468627829
762.66643420607158532
759.55729188082250403
758.12513329008834262
756.97289065204233793
761.52788315185989632
768.20529603414559006
766.22455910523456168
755.0948345488141058
748.58116644843676113
750.74974501265091931
752.63773232260700752
751.52714428470449093
752.3478262248017927
763.14161717542901897
781.55290880117502184
787.91938735500013991
776.56420406435086079
758.8393358409072107
752.37758316325709984
764.99974978144746274
780.24744849883870756
780.26496776298131408
771.9707864232727843
770.94000094612204066
769.85266644050921059
766.28516447876836537
768.07914995712269501
779.23833434555149324
788.40139709720233441
784.33160483691415266
771.71362930920872714
762.09899929576738487
759.27243356207986835
760.54588178519054509
767.44917004357137102
773.85632843683401916
769.5697666753495696
758.31352513830904627
747.63968964426305774
743.53315020408547298
748.06148118450687434
758.69285582678196533
765.84580416198446073
762.3878488738539545
752.07910140398939802
746.76639788028251132
751.41643061579566165
754.9674783513521561
752.89176381432434937
747.15104596172750462
747.4883201261504837
758.58648475282643631
770.46228951957004938
775.63449416577100237
778.5557035357986706
784.9215686796569571
791.54299109038538518
795.66113648860607555
799.53955832944620852
802.45758437887468517
803.76956062632825706
802.17483261994448185
794.38465233223814721
781.9452810261286686
769.24456796302752082
760.66997120719179293
763.91023715087999335
775.4279720787945962
780.44148428287996921
776.23407633637361869
765.15985174361003374
757.27690429921892701
756.04224745126873586
757.65895669566441484
763.62082958654877984
768.45834323544022482
763.4857943820931041
752.91167899534445951
749.68542895964128547
755.31885460133264587
762.25607895302675843
765.72964929408669832
767.45766065513350895
770.3874762260264788
773.37073102533497604
769.30147755318898817
758.31642236004483948
756.01284552202878331
760.94517786319181596
759.83587107660480342
749.50549119101037832
740.00086644765758592
740.28322051494865264
748.38344147523730499
760.90169352242935474
772.029709795341887
775.46410611121746115
774.41617468324841411
775.24244714529208977
779.02294861783707347
782.50476477307017831
785.55286311498127816
786.45723944004987516
785.17129170333271304
788.34191494696995051
788.81158498168565529
779.99885270093705003
770.53619127462809502
771.25990989447541324
783.60932362784944871
797.51533833504061022
798.08488270042880686
787.03499325788993701
777.89514741566233624
768.96166975017479217
760.09518976878848662
753.91414942432868429
749.62557004190114185
748.51644781523350503
755.65850466406413943
768.4547183941718913
776.7709229342171966
774.63623321918942111
770.38177592161969187
770.43952324835129275
770.35324593680741145
768.97743303049878705
767.07743693844338395
766.98596439000061764
773.20721131931782111
777.71267843791849828
779.71531890893629679
781.32287874619782997
775.90157905717376252
765.32954341530080455
754.21855030539825293
751.37289897357629798
754.77080042114971548
758.55984646212380085
759.57728795765228824
760.80376850658331023
766.44419042552283372
768.04011658046408684
755.05020316611046383
739.67347007420346472
735.88299225424452743
743.37568241319627305
752.05237980988704294
757.3057907843377734
764.0879790140646719
764.86590405621825539
759.10884327135488547
760.24585659111914993
771.23813083812456171
778.35810646242373423
780.91395705387105863
780.03472493184972336
770.74871507308580476
760.90521086465344069
760.51842513351823527
769.23132896207562226
773.40621957880591708
769.99635025278769263
767.71464432710979509
762.44418003788075566
758.02630690284092907
764.35641487566556407
773.52997644608888095
775.64516181912438242
775.31591653696136746
773.09154914286739313
765.45241543426209319
756.52288707032948878
752.52267044166217147
756.26372231343054864
759.155692810120172
755.0310592492539854
747.02105390847634681
747.02358415826802229
756.00368175959818018
762.49492174790702848
761.02744859530173471
756.04019528829144292
757.52253853323179555
758.58362900977670051
755.57882796215301369
754.18428841021159315
757.58985962697192917
767.29262404461360347
779.72469089932792485
791.3491831160191623
804.02464417753253656
812.18873916451616424
807.95922803886219299
789.39324734620345225
766.17321200242167833
754.85671771272097885
753.91227835893505471
749.15067683243898955
743.98456150956121746
742.41971530366492971
743.39864382703046886
750.69751418382531938
753.74562843794058153
752.98587950160867877
762.71455829152455408
777.14143172312526531
780.52430016171751959
772.39292316621981627
764.65840103372249814
764.91501513632931619
770.22808231466865436
777.97737838268562882
788.54835502797982372
796.47848017063995485
798.49693297667420211
793.73099740502118493
786.13458520583014888
778.90352206345789909
769.46230914011755431
762.17883274172663732
758.30892338381693207
756.31536202937661528
756.76644015088493234
760.75931832101605323
768.15016559910588967
772.21175562999997055
778.61067899917657087
792.78355519455408285
805.84791341287359501
801.83813402523389868
782.41168999425804031
769.19658790836547269
771.32121529989910869
780.5860630748178437
784.94867628620897904
777.98041526770850851
778.12242849367601139
791.77992490755059407
802.55277710597931673
803.84896457161812577
797.28100690114581539
791.80558996514275805
791.21599376683423088
789.12079906380051852
784.02695295299520239
769.65165025886301464
747.52322245528466738
732.59700663988326141
727.06720707929514447
733.12031791535332559
749.60466355484936685
764.80527996127989354
776.62832156365402625
779.86556204358987543
775.31263173691365864
777.17005032503197981
786.75161534140897857
795.03905696399260705
794.29447293216878734
788.07181222517488095
783.64902672441974119
779.83279511567127429
775.53270699220149709
770.98384838240906447
764.45086544561127084
752.15179347070522908
741.73588986665151879
744.73550944771966442
757.91935430789067141
774.8341735210663046
795.99474938542459768
809.34227196060169263
803.84125999568095722
793.8866988043046149
792.10143684812453557
792.33417403612031649
791.11110684542541094
788.47026806495512119
786.9565857232818189
787.81029069089106542
784.75442364200284828
773.49472186700882048
761.09404663618829545
758.60534177824058588
766.53473858230745464
775.6531900863684541
778.7530419259453538
773.69690606823633061
769.1244957465578409
775.23139287080607573
784.15534693195127147
788.42851518271129407
790.20742793358419931
784.51663214824088755
772.35018051011491025
770.86661476751066857
778.85469551607661742
791.50432319647620716
797.83161930467565526
788.17663929983973503
771.45864085268931376
763.84945976575249915
760.67544381766549577
755.93821728597549736
751.56584638677975363
747.77704745924222607
746.228491514457005
747.43597760760189885
748.28247607959895049
747.01267241417929199
744.64560257275991262
750.41209555802208797
761.99106553118804186
765.11135158834952108
762.14887647430282414
763.61935154690468153
765.35450885932016263
760.40618944846630711
753.94860606316717622
754.27958957265479967
758.13542903833615583
753.7960180833533741
746.04096019775386139
753.52042542046831386
765.00103265184304746
765.6436513428826629
768.24225823198071339
778.58729803709047701
790.07955150287898505
797.11178174995166046
795.12323405737765825
788.04633205834954879
783.81761559248252524
784.21397919681157873
780.82856219670225073
773.10621536200630999
765.74070907525276652
759.10206253989895231
762.0208485572443351
774.51304255814329736
783.20965975224578415
781.58702423770080259
779.00864124119311782
784.19264079136053169
791.51722760852021565
796.57449771987455733
802.40177540075558227
800.25233446727327191
784.74973166121162649
766.00826262806197064
755.36350352077067782
756.44860122055115426
761.53734190328248133
766.83847513437160615
772.60167209854705561
771.5283443968313577
767.92345879574622813
767.48707158005834117
763.00633913740944081
753.80403144988019903
748.28113810657089289
749.60162452224199114
751.99211306769609564
748.29832901358292929
746.28520006576115975
753.17586039441403045
752.06909233071712606
745.00821569612287476
743.18698016482312596
745.38295024552792256
749.34513660039795013
751.4915653355227505
748.07166646443647551
749.37298404888372261
756.86660509422597443
760.05543443580916119
758.75892384652490819
754.57471226593008851
747.26826499257094838
740.9013341602278615
736.73997735305397327
735.09569426856967311
741.17296789305578386
748.75978217132080772
746.53429165401746559
743.7164345648386643
752.81818450268838205
771.2974664819167856
789.11815945467503752
791.6283582736198241
783.34030909183945823
776.41884588591858574
772.74453141893638985
767.44878768688715809
763.85930823594117101
764.00805201496098107
760.53132064916815125
763.98877314836124697
771.96878578229222967
774.38149255540497506
774.60044840858631687
775.11486589978630946
777.19185376332461601
776.29898671910098074
771.26596322808632067
767.81990028758093558
767.80671365131809125
771.50994969595240036
775.53057090944662377
775.13945537080815029
774.53569521122460628
777.17651977264654306
777.55318030003093099
772.27340718621792348
763.23343170362704768
753.62875149443016198
752.41083441060845871
750.9417082056562549
735.35867813021081929
721.96185102582649051
721.28203373533767717
728.25278758852789451
740.78565496918986355
749.7022405660854929
752.79473313558844438
758.10094860847459586
766.69199411919396425
765.43581927485877259
751.18113453714681782
735.45188679023476652
731.21400213982292371
746.61701412206593886
767.96980007578565619
776.33856765076995998
774.67553459947919237
783.58917881349907475
793.28887063398201462
790.31472586084328213
778.74965342075313401
773.8375778557671083
779.43011162593029439
785.4965372098199623
786.5331709561352227
791.60891794720123471
792.90439273411686827
786.33885812870778409
789.48078906712783009
788.5233170039128936
774.66844799906380103
754.00229299422016993
739.55053952277557983
738.40302301505869309
740.37904761174354462
742.38109579747538191
747.49104763196282875
748.17193065465403379
747.02792712615030268
754.89883794873969691
765.02664470550951137
763.95411487006163043
755.72707751622226624
755.07880794615527975
760.4537581803286912
762.61069887131316136
759.6315855241018653
761.92300441248357856
774.24631744660166532
788.26283528627413943
791.88741215346669833
780.47947993263881017
763.16521394519952537
758.93476293791582066
766.87489868258398928
771.62445490090124167
771.23062209689146584
770.71659632124453765
768.18088353996631668
759.29542119538132283
747.09064178241669651
736.57761180926252109
733.6008327525888717
742.89118254550760412
754.04674571243538139
752.90372902260560295
742.02772332392896715
741.60509041620116477
758.79988670291754715
777.59768498134064885
785.70278833024212872
781.20501685402268777
775.31359924491437141
778.40737612759346575
783.31744932709284512
781.65376218156029609
780.1017390589875049
781.89672707547481423
784.52849569290242471
785.8593775295131536
780.68581900459753342
774.96404265953981394
779.96044732417362866
787.0896917467359799
789.93280103772667644
790.10508213442551551
785.97131577023583304
778.13128477069722067
770.11166666072074349
762.7108256892645386
762.61912387540144209
771.1716321636270095
782.02704497535080463
783.64099159515092197
773.45985306193483666
770.93262539763327368
772.90880190593475163
769.99539558212120482
766.91582282115575708
766.69858000164515488
766.0577754010425906
764.83109125829332697
766.88958767998883559
765.54077064279476872
759.72421069687743511
760.11032693782601655
761.90010219426221738
759.97521355868752835
753.74663643004112146
751.28401019183661447
762.16116887925636547
772.16132176195503689
769.21328414719209832
765.40021541990779497
769.00570701173091948
769.2247401377363758
760.62321564924855011
753.88229711841313474
757.07725927345518357
763.17458326211522035
757.70425523017536307
744.27651809068754574
740.39717716371171718
753.61150061313855986
771.17284059472717672
780.5025335919584677
782.14348080476008818
781.28928628812627721
778.08258190205958726
771.39972488863634226
764.69188356719939748
761.52286475553671607
766.72906590602417509
777.68861847632615536
782.74138508400790215
775.58022189135249391
763.77099254707445652
755.22060969435699462
755.12271928459199444
765.14043285751790791
771.4853289240287495
764.21946824831036338
749.58726015735294368
745.29241145063713248
756.12132533636338394
771.23604541430302106
782.13779880382242027
779.78800225111797317
764.63201526969476163
751.20479750614299519
745.8582608055505716
743.74223456615266059
744.58386575851886846
745.30599513583229054
747.27603859981752521
757.18158812331319041
772.72913678284498928
779.14421795348334854
770.46412801935957759
762.10333637926260053
764.06287995728575879
764.94865175080633435
763.97656495437956892
763.26102041052172353
759.62991746120201242
751.21856840384043608
741.86131566043150087
739.05812112881926623
742.51294870374317725
746.10457171508267038
749.52836383030341949
754.0160156408912826
752.67887312613424911
751.5337662437277686
759.49000562051389807
770.86142356636435125
777.16839161188443086
777.36194074349066341
776.73207857093734674
778.53351480126218576
778.17066541004953706
768.73159158375858624
758.08579626150492459
753.18265110781362637
751.22263132399427832
752.99435042330867418
756.5283743764597375
762.88474945832456342
773.62096247392707937
780.56831569187772857
781.66471437665018129
775.51644337987772815
772.20510282182056017
773.84223284375980256
774.02896128873271664
772.54128689848221256
769.04163830164770843
766.74393084478208493
765.94631789387085519
766.59195856451742657
771.60420079891991918
782.12405867082054556
788.12739808959315724
784.50090252799304835
769.95506411875453523
753.3618172087185485
752.34152742528681301
763.13140506423360421
770.84752351261431613
774.75898920215627186
777.39920886285733559
776.55005464399721404
776.10994742277182468
779.92708397014018828
780.86795936296311993
780.48912536865088896
785.09467016298083308
784.68988608083839154
778.75798155080826746
773.85893113451118097
778.18798455889771049
786.50226384175675776
786.35248264857500544
781.44519042467209147
779.46001137545590609
778.39028972169398912
779.04566549766821026
785.97011293654759356
792.70763897742153858
793.40932312221173106
792.64123468351044721
791.56458554251526039
786.18645961490835816
776.91848945097683554
773.5826055917142412
774.42738954448373079
769.08815814570925795
762.68121069843869009
759.41396386283952324
752.06726880983649153
748.20354258168822525
752.38188543796877639
759.04184470039933785
762.73351299537614523
761.42993144154900165
757.46377506894964426
760.35464752228324414
768.09733908714565587
769.44659844446800889
764.41222269420586599
751.18011543396198704
743.04049858740552281
750.35434282102630732
758.77477150596962474
760.40153674533553385
763.08116901028779466
770.0208214966653486
777.25421160112773578
781.17195360605614951
777.29349826367536025
766.6912917335387192
764.07222188022842602
768.5389629787271133
769.99835091971567635
770.33378399801665637
770.46392612056229154
768.94479267130600419
764.42861984451621993
762.80385246473747429
768.20424946064019878
770.42792445905115528
768.54993260962305612
771.45349714709152522
783.03295762771767841
791.87924524702725648
790.08898869388247022
787.76373858316435417
787.85944841392642957
788.96585639765737596
793.41811612706123924
794.32776756380565075
787.64801803738384933
774.97765094708324796
762.7311332334211329
756.13709684077753082
760.81108846117297162
774.67181459213691141
789.10652680716623308
793.98737783372894228
788.67588748007176491
782.25133792913652542
780.0882327864551371
782.26768464124745606
785.95482470282274789
787.09647226096092254
783.84920320335936594
775.34053684030857312
763.17546157458070866
757.89858963289907479
760.92496861087863635
763.40350244951923742
764.53018277381579537
768.15634570090003308
775.06516205007289955
786.59683526617766347
792.26976979929906975
785.1747959642304977
775.53717608925376226
772.52972459259819971
775.94414697376134882
782.15599737567663396
783.46844572891575353
780.52902628212757463
780.34123671299391845
782.55724618996885056
781.54225561819907853
781.85837988489936379
775.21687676365934294
766.23039864575639513
766.54595436084139237
772.39427032914773008
776.56694294539931889
777.79358881678047055
777.66191446005643684
780.29214656299723174
782.82610249084621046
781.16852535171517502
774.82500238309239649
765.22161239648073661
751.80343365807277678
743.09210518655606847
743.96108550019312133
745.42495578248190213
736.99426892652707011
724.17436032457248984
721.4646744080374674
726.96677824995902029
732.60830873039969902
742.2407844690588945
760.19513683315653907
774.93564076194843437
776.89803079761759363
771.35713241380506133
769.33959674870209255
771.97660339177946298
776.06949985431958794
771.70389322589369385
762.44197814413519154
755.73426114976427925
751.3454631892254838
755.91925453849478345
762.63196589625169963
763.96537742431655715
757.65546388697475777
747.62082115008206529
745.73482595874259005
753.23965946359180634
758.75162636574930275
761.29740430410106455
764.06029363237598773
762.90208798862272488
760.52627409253307178
757.80649232437485807
757.84618634576065688
768.02325797234072979
781.69229272277220844
788.73643074105507367
784.44766582383658715
770.61936356861338027
753.77716466785500415
744.41392011937546158
748.02573330087182057
760.05003874232158978
770.69290593694677227
772.60179665671103066
772.78710448015476686
777.49325269478367773
781.55340396067651909
781.93018710674675731
781.92521148098262529
781.54808199805665936
780.11891738824374443
782.72750358354369382
789.13953389887558387
795.31901529037759246
797.10108431827143249
791.86152715244588762
784.16371219527161429
774.15363636242796019
760.90980328270995869
749.88751908533447477
743.97914706578183086
744.73781366504067591
751.843111705172646
759.41575848213108202
760.51272871746937199
764.4811743875142156
777.05282188639569085
783.13271753641868145
779.64830979031023617
776.00627736802141499
777.08960102794583236
779.03655141052115596
776.66423747017279311
771.33350865908550986
764.60870896921142048
759.20494574738711435
764.44558376447128012
780.93408236278003187
792.79967615916757495
791.74378130232526019
783.88360477640026147
778.0622796265430452
781.35768136453748411
788.70914394242242906
794.59271602407295632
795.02096624052080642
787.12608600371618195
776.67204694911617935
770.36330621472905023
766.67010350243026551
759.99644524793166056
750.04278845614533111
749.51757507844411066
763.20918593657142992
775.63832472327226242
777.83218094341589222
765.32628817788781816
745.60830799978373307
742.33714055255461517
757.61451560128614346
773.3257340204211232
783.56695086472791445
794.91047416964602235
807.96061831540919229
815.74054496346059295
815.25659558208940325
808.43631671734112842
803.62744237269419045
803.03806930336315872
805.11054678116761352
800.94780875634990025
785.75790436095178393
775.4162265206517759
776.15854606073276045
775.54138220330014519
770.44912151099765651
766.12919376853858466
769.47028981466587538
772.89187799654484934
766.36527830854299737
755.41149510815614576
748.06188265597063491
749.50217461979036671
755.81808467528560413
760.45243945044694556
765.17795491313336242
767.72004262130133156
769.55776952170572258
771.32592485649308855
769.89083507916279814
766.70477431453196004
767.29602735042942641
773.18370784027376885
777.65866582734076928
778.22448819451199142
775.5438855432504397
769.20346339214177078
760.73515015633006442
753.81304623066864679
751.41689745945893719
749.79762493538100898
751.82584558441362788
757.50931360938886883
765.29231560552216251
772.13404201424407347
778.07946561084088444
782.60123229781311238
785.63388972609448047
789.38426865129963517
790.89743825865207327
792.76989203784421534
788.59697683498347942
782.49083854752609568
785.55523203825077871
789.21912101183556842
786.76461581424825908
781.15471537762539356
772.52190391639089739
760.0421935687917312
749.13240767648517249
746.94965405216362342
750.02113233275190396
753.44724090819954654
755.93943167656300375
760.46695665781760454
765.49905387323826744
767.52238955102120599
770.92551101141089021
772.06054021519264552
761.32777591758633662
749.28740542290142912
751.06016836330286424
761.44730426852652272
773.72105833943828657
781.96754295894083953
779.81778503469024599
773.83619051308653525
766.60495382770375272
760.25022097073258465
762.89281124741569329
772.95108430346397199
780.39826502978735334
782.48365874973455902
783.06295344344619025
781.66921011265696961
778.0449756466175586
774.09545183442298821
768.70155992618435903
764.92808515567742234
765.78505882179877062
772.94249447508263984
777.58544718610528435
772.95200046028980978
774.97498443069343921
785.67372072667524208
785.35926517565803806
773.45560892229616456
761.48356059738455315
754.24798688246426082
750.74168929952213603
753.14112681469384825
759.02533091021962264
764.43619244918295408
773.94700515242595884
786.58123430270734389
789.68597640947962191
779.94639503517032608
769.06693741829508326
767.10560658858969418
770.4861283163651251
772.33505250277607956
775.0897210236595356
776.96853864463514583
776.48547886322853628
780.61150905603346928
788.64756290052196164
793.27462212267016639
792.90899111812757383
786.84582610979293804
778.06468812800972046
770.14214141085790288
766.8947640676968831
771.93595436178475211
779.53897140684318856
778.03006714256935084
766.84884944797772732
754.32990489353517205
751.16828429012457491
758.56997954406836016
770.45346710094759146
782.47044906351050031
795.37729355049907554
801.89091320852969602
794.13539126551120262
778.30631025968489212
766.19845556248378671
761.03221141146991613
761.39050212960580666
761.76932790677915364
760.92490639132245178
761.9968255606946741
768.60239563475249724
773.55268461325920271
771.07819692056693839
772.38244200036979237
777.21950381522810858
778.34486503875098151
778.27824122553818142
779.80016778287347279
780.65217235901889126
777.40971041505258654
767.52547102767357501
756.76047407583223503
752.79559127784489192
755.77715353477753979
760.27365146627084869
767.28220521223465767
779.48409904540733351
788.50644810923870409
792.81191672669251602
799.52530747019318369
807.59022697849422912
802.43341923565617435
787.28465315238486255
779.23164030645079947
781.93670661431235658
785.64347694369666897
782.12320888333840685
771.4855337407893785
763.67974151672581229
764.35224482763851483
772.27055718932604123
782.8131485431576948
788.60331637499825774
789.10607855866055615
786.8682203893008591
777.82392322992041045
761.18317641362182258
748.84138555314575569
752.18185929167577797
759.44956803205502638
763.36032780367929718
766.35360029348544231
769.95413747706675167
772.66427478503464954
772.8312070802363678
771.08601116370618911
773.10622331494073478
776.22947100868736925
776.1820322689702607
773.70374115189861186
773.13661430475951875
776.77889759069569209
783.78241877125458359
786.38227936269913698
778.61611695724843685
770.14165479659493485
771.30967753840889145
777.70409413145171129
776.23616088526807744
766.17169558505850091
758.34060312170959151
757.5358070614722692
759.47210531516839183
760.25885391839710792
766.76481732390561774
779.13234219917023893
779.53094093367235473
766.9054373421550963
764.24107851095811839
782.3097892275857248
799.26083408351155413
800.88201555807381737
790.21958575602934616
784.17163644640277198
789.3656487364039549
802.35512820215456031
810.34867118911142825
805.40408265209123329
798.37798614193559388
793.08906779037579327
783.47193054740967
772.70276666713255054
761.30256718384100623
749.94200544227339833
746.93302187005440373
749.6656158279201918
751.30276584554553665
745.6101021625577232
741.0394581716053608
745.12531172289573078
752.46272736481012089
763.54329615009817189
772.54002420192466616
779.60509650110589064
786.14757183993367562
788.71843410772476091
787.12948576280030011
785.05054946300310803
784.25508336482005234
784.56842278155102122
779.37135572064914868
771.67437394939088335
771.33431116373310488
780.6628445559215379
790.0503629228041973
790.15787536951609127
782.25951974345753115
772.72350205669442857
763.21049720789153525
758.90130051114101661
760.5474776489377291
764.51238564774484985
770.83183189599424168
772.54185356448203947
768.12842522988819383
767.67115598269538168
770.41226464241003669
770.55813737419862264
772.52001460107840103
774.99078176248485761
773.95678173827548108
772.59194408708583524
775.99634832075605573
783.75243002953232008
789.9137483887674307
792.34848156228451899
791.36325655316443317
784.22565701705877927
771.36151636626857453
762.21108476707922819
754.92412654873726297
752.74084527663706012
759.0856225024053856
768.63670522286395226
779.05346577526222518
786.89251179128166314
792.44993104618833968
794.70138291874513925
786.79174128033071156
769.74108187023750816
760.42264600925363993
760.39932870934649145
756.75011368115178811
746.61669143295102913
741.41189867932200741
746.79947186835920547
757.91420952791645504
764.17449174162504733
768.81405365671639629
777.78423727671474808
781.78335474308005359
778.73990663618656072
772.87257765784704588
771.22014369839951087
773.67884639261285429
773.56129182282427337
775.12433328724796411
785.31788176165150617
793.19674086036161498
791.92851338348964418
782.88149805219234167
766.91626000843803013
753.63081558313751884
753.08091803818638255
759.72048278202021265
764.1852922132201229
764.18101084929003264
765.75533974757604483
771.4207645265711335
774.66710770077656889
777.62589431174012589
781.75796114105207835
779.4242375417599078
770.28971192021310799
765.53471045039987075
763.7919560474259697
759.7357774874125198
760.78782169771784538
765.01020174792438411
767.60435892093516941
772.48121882280861428
774.23829253447343035
769.27604369440950904
763.71140947183084791
761.03136366166768312
763.62787980070629601
771.08282003894839818
775.09599039037436796
768.86726335928960907
757.12407303813586168
746.44916194343386451
742.39992014705148904
750.78976602363434267
764.31534358958106168
770.97173932181340206
764.06515582327210723
748.68641154393185388
742.52555016338726546
754.2155463425912103
774.63657411936628705
792.38393301881615116
799.88602187383958153
793.20294510148596601
779.41788915530673876
769.87388217474642715
761.08261680303735375
751.22209361404077299
747.72044180424484239
750.60706929142929766
761.26123789835378375
770.2382225500102777
767.21075632949816736
758.09705406380487602
757.87474631697205041
762.41125896177413779
761.09748687604496808
755.00845470812532767
753.05035052733217071
754.60343029088608091
752.92508469518645597
750.77624051444047382
750.51410207382411954
751.95004435814087174
758.32779096600529556
770.20427783074103445
774.79371980897008143
768.54541610868352564
769.1216474650342434
781.92290341096747852
795.73990799143757613
794.76578650680767169
780.36249431959606682
769.08216043894788072
765.68873828773701007
761.88399205011262438
755.09444062313480117
752.20382773293272294
758.03912985929139268
765.22827769673290277
768.50304395870421104
767.85319828084311666
765.39864802241049802
767.51333286054261862
773.80971757907752817
774.41456688821347143
767.15914660122871283
766.73657295443479143
775.9910133523260356
782.58594166639147716
777.40155502701611567
765.11012307575231262
750.53587416713696712
742.62505190096362639
747.06301601133361601
753.20956145651302904
751.01135700837187414
740.15693891136390903
724.28071978555226451
713.11324486212754437
714.37331892695135593
724.27617502443672493
737.25608435393576201
745.42744225741842001
743.8232536668664352
738.0542913731204635
735.79178579805386562
735.48128321183708067
729.65751548085427203
722.73650519309774154
725.3927401370356165
736.02597392106872576
747.09712688618060383
754.28176173036354157
760.8899610707624106
770.53589814836311689
781.93388704047993087
784.89846960695535927
780.25087660220822272
776.05292385563109292
771.67757698936077304
767.85017840324462668
771.89388949758620129
775.9192381716344471
770.23869879786957426
761.49367980375006937
757.29876824665007007
753.8487835702776465
748.57234073952236031
751.15059757712322153
762.93670684259882364
773.23088777147665951
776.3634112206412965
772.42241921273819116
767.05591670885519306
764.15850759723286956
768.55668074113646071
775.11104856371696314
772.28147881866539137
759.43240657195758558
752.20038979730952633
759.7765917703783316
769.57180617222570618
764.54843655317074536
749.67445083321126731
740.51028061734996299
742.28772644001639947
750.67659172839273651
756.57241614017129905
758.74012136392423145
761.42206611361223167
762.87380916485130911
762.25985736531686143
760.81232778024809704
758.2455438716020808
753.26229135234655132
753.94049766871557949
761.06903262658681797
767.28836807707716616
772.9368362461268589
776.28178928633428768
778.34385070831285702
780.77348460657742635
776.85516232169959494
764.38445128036391907
751.89135505013950933
752.75053388981245917
762.30536241004074327
761.51246397195666304
753.22886817546816474
748.10569458743884752
745.56281875493698408
745.46527310921453591
746.37050691343040398
752.3359925893636273
763.29772503048855015
769.19412102756052718
768.07976613280527545
765.35876398364632678
765.51597196311820426
762.50174791671020103
762.62188383725401764
766.22565167976335943
768.69735656160253257
771.59105935493835204
772.41458394551375477
771.61752081868019104
771.50300974921913166
772.79117575152554309
776.84073482187454829
782.64026984745498794
785.43214220832771844
784.8702393370763275
786.84337566774331663
792.0137820067083112
794.17510964984160182
786.43333546389033017
771.28644832198585846
763.96774389628114932
766.72321733262208454
769.91137386735124437
776.24580089010953543
781.23229169287469631
775.29762585945343289
765.38480905101141616
769.51703557819007528
783.22365647233277741
789.96659008613153219
789.00690165806395271
784.24904348664051668
780.96571213508877918
779.48765191247116491
775.36552743975084923
774.03781976698098788
776.59766497429359333
773.02689322680237183
761.12739897393885258
751.15391293222785407
747.08688540866262429
742.03147349853634296
736.49768634285544522
739.90736724084013076
750.4934874484441707
756.90307384667460155
753.37280220247782836
748.54567217543581137
751.92469205076224625
760.06623788000752029
764.86139810841405051
762.13969086855775004
758.77863862494564273
759.37569372777659282
763.27897246634779549
765.74636797019468304
762.65589313723819487
759.15100749914711287
762.30264645886654762
767.353409860217198
767.84538048852220982
772.550524168609968
783.71615038592381097
785.92871039571377878
776.3117894979969833
768.36614624851961253
770.31331999194730997
773.71579311788320865
776.51299391612803902
783.1682944410864593
794.0647298679987216
798.37798996859999079
789.18533717485593115
778.8682879150125018
777.34141372088015487
780.37740141224799117
778.79038084265084763
772.33195379768210387
771.34482432179663647
773.35064901548980743
768.7317340218321533
758.75913210269811771
755.49172964356966986
763.24790714469588693
772.18905970037633324
769.87637203842916733
758.78975210832084031
749.87294166253604999
752.47204383335940747
765.47402579474521644
773.7261297032132461
771.56583823390076304
772.24966629024152098
774.61878762100798212
762.21850468148829805
738.10384850135471879
719.56265466979607481
717.1760092134200022
723.23576860977038905
729.90856865281182309
737.62910538366793389
744.35257698460839038
742.91568052920138143
737.32881246693000321
737.85963348393397609
742.42808403799892858
748.45159754317467105
759.26235081977586105
769.21160993765897729
775.58078491686069356
776.71054030191442052
768.47014562251456482
758.59231145037188071
756.2321266396052124
754.69369386701828262
751.78056598194450544
750.15284382995935175
751.56580807560897028
754.46393766133144254
750.59678384759888559
738.49513674059824098
728.13542013414303256
728.4967178607362257
737.14373324239841168
745.82982580550162766
754.56594477495070805
764.10447786273641668
773.92107393308901919
783.05559428015169487
784.08666328234687626
774.83880559185570291
765.3032470053040015
763.82208357030629031
765.21810265320868893
756.70833342783078024
749.54327157023999462
753.76382333839262628
762.26362760085339687
771.16325284681090579
782.16432068249548593
790.57396809114675307
799.74926986075229252
806.53767314316223747
802.74637222589319663
785.13663938027980294
764.50013150937536466
756.74974053825519604
755.07024410241672285
748.56914053658567809
742.08218303122589532
740.94567304008342035
740.61097408432885913
739.76622242161749909
741.78119621390089833
752.57367523996026648
764.45166241238621296
766.21250087061594058
763.80232899935333535
763.98656174824805021
767.0659152829850882
768.0216520142474792
772.02397965744205521
774.72298824933034211
779.62204170045811225
793.93975414444525995
801.52634603354886167
794.74739067217046795
784.18860096576349861
777.34262947230683949
773.80206243068744243
769.9116420709058275
765.2198830588332612
765.02622929267613472
769.2961079403887652
768.72165381121590144
760.07743989846392196
750.74007690526605074
746.67905842899244817
745.41100745811570505
743.56713008674682897
748.03650119035603439
754.91986063381159511
761.28049885880159309
772.04821013021239651
779.93071602126462949
779.8992066603020703
776.52300245383048605
774.30191482578629802
777.05524157185107015
786.56151868078040934
799.08909749106203435
805.65140312718312998
801.1777686782559158
790.7343121369566461
776.37219058021150886
762.90754553672650218
759.78095560476981518
760.25716927145856516
755.30161914696702752
750.36891881478288724
745.65646058731908852
737.45420186485523573
732.36133071865629063
733.07067872464608627
734.38877276660866755
740.53962809652080068
759.0529738890347744
782.91650426390106077
793.48147674653398553
786.29817854381303732
773.40891788072110558
769.28738301022553969
768.08756398470052318
757.52637598689955212
740.14886992490585271
730.61936834910954985
730.98457877927080517
734.37251185296952372
742.02709699422530321
755.66203219953968073
766.94203609330349991
770.146809638564946
764.76766486454232563
756.35657261257574646
749.56560025621217846
746.63496980904062639
748.14268013268861068
755.04597039960412985
758.8975520535158239
759.16143862181581881
763.65129746900095142
771.19348629790954419
776.59580516466803601
774.84084998615924178
767.20366118956667378
758.83797252565352665
755.07289307068811013
761.9011721500354497
772.5724310350514088
776.17410619904603664
771.12687625749981635
760.42071399804183329
754.52290998046498771
760.30961021867267391
770.49044560192237441
773.26044090080290516
769.12368392932603456
770.12890967769885719
777.5290362985469983
775.82080184264430045
766.13171157228111952
764.27971812404803131
766.28853937781605055
761.12148219407401939
755.33674005719751676
756.30097655587110239
753.02892720020304296
741.99166028652462046
739.48970010484879367
745.51236727799459914
747.61083899510958872
747.15996973844926288
749.92813627392354192
754.31275147020448912
756.13937639962762205
757.72427695852320539
761.22959370141734325
770.59135415662569812
782.12066444950562527
789.17538116885668842
788.81957445933289819
782.01012298422119784
771.20434019899516898
762.11931335554163525
755.0959226156708155
748.99027539778296614
752.59632176885509125
769.85731750354636915
788.64861002731174722
795.65408939351425488
793.26907386218942975
785.92506903136938945
776.89473840088191992
773.71005802998399759
775.52587478446343994
776.7981303532083075
775.00336152899308217
767.95594389571704141
757.66832895305276452
750.27704585382446112
745.13987859218332233
744.41730216551877675
750.30674206812739158
757.25284596509368384
761.55757111170737517
765.22666432751975663
771.34778231374627921
773.76494530463412502
772.39621750097524
771.96945310097930815
772.83960548132768054
770.56647775163412462
762.28815571956488384
751.09008196918637168
741.87850093738927626
742.8699177683988637
764.48142934554959993
782.76683524828570171
777.28957481141651442
769.04947338207591656
775.11595981105926967
782.92870130204903489
784.72470906371904675
785.99220238162706664
784.70313051067557808
784.77850843375722434
786.79624596049552565
781.44958535170803771
764.78231258057076047
752.39782811203804158
763.79735270169351224
783.51301354799386445
789.31369723071054523
781.68832381568302026
770.57071066548201088
769.64324247204672247
778.58012140539472057
782.83544561000508111
778.27410941449340953
773.25124947581889501
775.75862873916071294
783.52093902048193286
791.1025381046944176
792.457254459806677
789.42305611274628063
790.43314114872725895
797.12190331471992977
801.68169932077307749
803.38673008862804181
806.26462664089910959
807.34605852549793781
798.86251322704777067
786.49821836242847439
777.95462209881065974
768.79017139737447906
761.0498012308747775
763.20553652018986668
779.13839161600037642
799.02347319972761852
808.93266879021120985
805.25402310193169342
798.83790799315272579
794.32577314194884366
785.00407542086543344
774.13552308750718112
770.62955522179356649
771.13905644123167349
767.41883492612430473
758.57178843114650135
748.52020710919543944
749.4048736658468215
764.46440776905649273
778.379921396583768
785.13227172464212344
794.62326263615295829
802.62946631436307143
798.79841132280364491
789.56271170035529394
787.60029219433045
794.70827084926702355
802.55737349450782858
799.67219785525526277
786.93348554849126231
777.1076894316660173
775.5816709721625557
774.08791859875771024
770.36427788065066125
763.9671356895765939
755.45119299164127824
748.43060840020882551
746.70834744656144721
753.00347793573132549
763.78771588791903469
770.67417594895118782
772.31995422586453515
772.27016038445515278
770.81188226643837424
770.95765902474659015
772.4140573802212657
773.49682468511923616
775.66353466057489641
775.39672853912497885
769.73690603411421307
765.79712691272948177
762.46788944697846091
753.96091579666415328
749.84410313764988132
756.76147772702620387
767.42518730543463334
777.99278538347141421
789.30267481921305261
799.26686417088728831
804.99859966954591073
803.01778982455448386
800.77306351244374127
799.8261973422521578
792.06869975930840155
777.15919248147713461
760.56719999774509233
752.17532732558254338
751.53450873428550949
756.28589634910190398
763.78288816281087747
766.09270036323539443
764.85665742798687461
765.0670309270440157
763.62831270259971461
759.01913166231327068
757.19385770721169138
761.11905797598228673
759.4658831466964557
748.4022313127408097
739.93625853511525747
747.2502461515956611
764.73408833297492038
776.94960822577218096
778.57990254590254153
779.16980653479913599
783.00348676940222958
774.46360010966236587
754.54490945822135473
735.98471895034163026
731.12043457915422096
738.5886576659036109
748.66878949981480673
762.58031222817214712
775.60767370288510847
783.11275319607955225
780.49984010055652561
769.40667502029521074
768.97117488149694964
782.63411211015977642
796.53791228301997762
804.36860979522236903
801.46324547964695739
789.9499287582323177
782.39534537733607067
782.23809322260342469
778.54120757858993329
770.76527376521551105
759.29547770720228073
743.17935910010498901
737.85584482084971114
747.88205659447703511
760.13773343548587036
769.85952885299559512
777.72705469421543967
782.38446324578330859
776.62149633368323975
768.01567691329967147
767.62363291347173799
766.39885120632231974
763.49830665112096995
762.40847389382599886
760.97600690212664176
765.07653983570321543
772.32287298306050616
771.02269667547818699
763.24948275315239243
758.28975061447397366
761.26927758061117402
770.13057348866959728
779.9867679963036835
789.0373179932421408
795.47828920094036675
792.82815422934186245
781.11345391779173042
769.36391281021303712
762.40073562173779465
758.95723646156727682
756.43393060680591589
751.88096370599078
744.3563918974778062
736.45682458659882741
739.62984456960668922
748.80857228475565535
754.06579893400760284
759.38011977024405041
766.44237077622813104
768.02786041941476469
757.08294210452766038
735.86630066709835774
718.74829264241725468
717.62052790740085584
729.31609391587494429
746.16710240177894775
763.8730338955389243
776.83965057767693452
780.79715461241505636
776.6856703563339579
770.36778625244028262
765.57960210593273587
756.82535921225360198
752.46133820318118524
756.77262863278951954
763.60936890197922366
772.31308555187649745
777.96117800811350662
782.85005454957672555
792.04780913043532564
796.85571320555959574
794.23599224620716086
786.67195617072002278
776.24500754239113576
767.58463405332452112
757.90743302460975883
747.46701746373480546
742.45034465603544049
