-31.500000 1088.704598 1090.867018 1090.917123 -0.482628 -0.477346 0.914754
-30.500000 1365.984812 1368.155748 1367.042193 0.381351 1.418758 1.581585
-29.500000 1379.572421 1377.165290 1376.692520 2.243496 -0.722489 0.879755
-28.500000 1370.837472 1371.685615 1370.728141 -0.091079 1.699049 0.723996
-27.500000 1371.277550 1370.080788 1368.907231 1.680599 0.941249 -0.038341
-26.500000 1373.662015 1373.422802 1373.083917 -1.496617 -3.312474 0.807183
-25.500000 1364.254546 1365.890604 1365.023097 -0.302336 0.244033 -1.300844
-24.500000 1363.251745 1365.014904 1364.863021 -1.804811 -0.076454 -1.019538
-23.500000 1343.120470 1342.182224 1344.282726 -0.918647 0.573479 0.892645
-22.500000 1301.416337 1301.400593 1304.439321 -2.173320 0.785705 -1.437885
-21.500000 1239.406630 1241.616701 1238.190792 -0.537068 0.111391 1.053865
-20.500000 1129.579893 1128.784080 1126.312155 -0.646851 1.119989 0.489120
-19.500000 995.700558 995.527483 994.152498 0.018992 -0.050771 0.640029
-18.500000 865.790341 869.776160 867.129426 -0.236345 -0.464281 -0.551187
-17.500000 742.828804 743.256635 744.649780 0.118263 -1.572631 1.800268
-16.500000 631.906605 630.575822 628.182549 -1.096816 -0.119981 -0.737363
-15.500000 558.801589 557.914485 558.981171 -0.476208 1.841316 -0.615142
-14.500000 534.172159 535.046322 534.454064 -0.133393 -0.308060 -0.297867
-13.500000 521.378044 522.384190 521.797902 0.633447 -0.144315 -0.938368
-12.500000 511.075773 513.481367 510.157767 0.299050 -0.678164 2.208254
-11.500000 513.668439 514.632535 514.512957 0.639891 0.982160 0.751665
-10.500000 536.866872 534.897893 536.243794 1.166328 0.265832 0.425038
-9.500000 544.983682 543.682430 543.162192 0.364200 0.512761 -0.741773
-8.500000 523.707899 526.073096 524.662855 1.364040 -0.875828 -0.158420
-7.500000 513.622283 509.924168 511.975505 -0.159919 -0.561246 0.178425
-6.500000 524.175221 526.411816 522.739226 -0.073980 0.522526 1.006483
-5.500000 521.664556 524.331236 522.182726 -0.993060 -0.286984 -0.389671
-4.500000 498.921057 500.968094 498.684069 0.890683 0.060463 -0.244900
-3.500000 489.056504 487.584279 489.461780 1.079609 -0.741121 1.371840
-2.500000 495.548905 498.507133 493.669348 1.106217 0.201952 0.994465
-1.500000 486.070908 484.837497 485.527033 -0.232910 -1.188468 1.309166
-0.500000 479.615364 478.982338 476.965217 -1.046279 -0.185623 -0.244344
0.500000 469.509855 473.151538 473.138980 0.171086 -0.770666 1.165452
1.500000 466.901113 466.307389 466.439705 0.459141 0.239376 1.139577
2.500000 486.450214 486.061605 485.199599 -0.736807 -1.230831 -0.291958
3.500000 510.937387 510.107125 512.710508 2.081246 -0.787031 -1.538928
4.500000 508.520633 510.153549 509.435214 -1.822164 2.171618 -0.467977
5.500000 502.903900 500.338817 499.241573 0.210076 -0.869444 -0.950633
6.500000 519.707845 520.115864 518.860324 -1.193348 -1.275097 -0.876967
7.500000 537.261488 539.935265 536.613182 -0.336331 -0.260323 -0.508996
8.500000 533.966125 532.218067 533.269734 -0.203951 1.281875 0.190751
9.500000 520.428736 521.736153 521.615002 -0.634701 -0.175585 -0.079567
10.500000 521.940270 522.707109 521.264540 0.237497 -0.587447 0.490710
11.500000 528.426328 526.891446 528.799505 -0.108509 0.374431 1.620687
12.500000 516.970330 518.803856 517.609874 2.220205 -0.144955 0.123548
13.500000 497.649135 496.850050 500.155029 0.324763 -0.217863 0.019925
14.500000 515.181684 515.080433 517.976707 -0.671350 -0.535973 0.155025
15.500000 565.697080 566.367913 567.589103 0.887038 -1.242180 0.538241
16.500000 637.212378 638.530752 637.449562 0.070056 -1.084021 0.266007
17.500000 741.011740 741.047530 738.406255 -0.166591 -0.043937 1.216761
18.500000 881.510677 879.962968 879.390295 -0.698425 1.335238 -0.202315
19.500000 1003.277041 1005.286107 1009.050666 0.049837 0.395910 0.314750
20.500000 1146.498645 1143.308134 1146.783908 -1.255339 -0.781229 0.211310
21.500000 1236.704799 1235.372130 1239.070661 -2.002971 -0.409300 0.372767
22.500000 1298.056274 1299.219911 1299.820599 -0.195007 -0.584706 -0.703067
23.500000 1348.861257 1349.497627 1349.184337 -1.062006 1.641963 -0.812027
24.500000 1360.020320 1356.126534 1356.142936 -0.530696 -0.043387 1.301692
25.500000 1369.686113 1372.470628 1371.000377 -1.667065 -0.052283 0.809066
26.500000 1375.815539 1378.499869 1377.900390 0.176004 -0.125937 1.016738
27.500000 1362.717343 1360.626931 1367.541115 0.180523 0.764626 1.013249
28.500000 1377.175827 1374.616330 1378.392254 -2.408786 -0.248428 -0.732643
29.500000 1376.326029 1376.429106 1376.555459 -0.130219 1.444004 -0.433403
30.500000 1366.730527 1366.723925 1366.717323 -0.901809 0.214684 -0.537510
31.500000 1090.958556 1090.435869 1090.501865 -0.590958 -0.402004 -1.300181
