# Time-averaged data for fix boxVol
# TimeStep v_boxVol
0 287611
10 287552
20 287503
30 287475
40 287460
50 287589
60 287723
70 287737
80 287682
90 287659
100 287603
110 287623
120 287529
130 287386
140 287249
150 287112
160 287091
170 287154
180 287313
190 287467
200 287584
210 287672
220 287786
230 287923
240 287991
250 288058
260 288084
270 288100
280 288066
290 288074
300 288177
310 288260
320 288344
330 288420
340 288598
350 288721
360 288719
370 288722
380 288794
390 288820
400 288808
410 288681
420 288675
430 288683
440 288694
450 288694
460 288652
470 288639
480 288573
490 288541
500 288532
510 288416
520 288348
530 288329
540 288391
550 288546
560 288563
570 288500
580 288377
590 288291
600 288216
610 288161
620 288100
630 288083
640 288084
650 287976
660 287982
670 288055
680 288160
690 288129
700 288058
710 287950
720 288012
730 288026
740 288011
750 288007
760 288054
770 288032
780 287960
790 287874
800 287920
810 288001
820 288002
830 288032
840 288077
850 288104
860 288105
870 288160
880 288169
890 288235
900 288265
910 288278
920 288310
930 288343
940 288274
950 288304
960 288317
970 288266
980 288153
990 288047
1000 287973
1010 287990
1020 288027
1030 288017
1040 288082
1050 288052
1060 287999
1070 287983
1080 287916
1090 287954
1100 287937
1110 287982
1120 288034
1130 288051
1140 287982
1150 288015
1160 288075
1170 288198
1180 288284
1190 288540
1200 288727
1210 288655
1220 288609
1230 288522
1240 288442
1250 288403
1260 288375
1270 288423
1280 288499
1290 288609
1300 288681
1310 288825
1320 288863
1330 288826
1340 288822
1350 288783
1360 288781
1370 288702
1380 288666
1390 288780
1400 288828
1410 288782
1420 288822
1430 288845
1440 288753
1450 288679
1460 288626
1470 288554
1480 288403
1490 288188
1500 288089
1510 288109
1520 288268
1530 288399
1540 288446
1550 288398
1560 288418
1570 288415
1580 288455
1590 288434
1600 288398
1610 288462
1620 288479
1630 288554
1640 288592
1650 288519
1660 288532
1670 288528
1680 288544
1690 288578
1700 288551
1710 288519
1720 288440
1730 288416
1740 288380
1750 288474
1760 288459
1770 288463
1780 288619
1790 288616
1800 288519
1810 288388
1820 288247
1830 288304
1840 288424
1850 288373
1860 288307
1870 288305
1880 288261
1890 288145
1900 288179
1910 288257
1920 288400
1930 288512
1940 288473
1950 288348
1960 288314
1970 288346
1980 288278
1990 288274
2000 288146
2010 288009
2020 287837
2030 287748
2040 287771
2050 287798
2060 287814
2070 287898
2080 287965
2090 288049
2100 288029
2110 288225
2120 288310
2130 288268
2140 288256
2150 288164
2160 287994
2170 287883
2180 287908
2190 287991
2200 288166
2210 288316
2220 288329
2230 288318
2240 288326
2250 288296
2260 288256
2270 288110
2280 287995
2290 287903
2300 287861
2310 287877
2320 287857
2330 287962
2340 288068
2350 288060
2360 288073
2370 287988
2380 287962
2390 288028
2400 287942
2410 287834
2420 287755
2430 287687
2440 287622
2450 287498
2460 287409
2470 287541
2480 287567
2490 287732
2500 287747
2510 287735
2520 287738
2530 287849
2540 287883
2550 287980
2560 288019
2570 287903
2580 287928
2590 287970
2600 287885
2610 287836
2620 287983
2630 288135
2640 288215
2650 288276
2660 288345
2670 288310
2680 288266
2690 288320
2700 288340
2710 288257
2720 288133
2730 288074
2740 288100
2750 288031
2760 287894
2770 287784
2780 287782
2790 287746
2800 287699
2810 287805
2820 287855
2830 288046
2840 288167
2850 288281
2860 288239
2870 288196
2880 288228
2890 288289
2900 288304
2910 288327
2920 288256
2930 288194
2940 288078
2950 287986
2960 287853
2970 287800
2980 287743
2990 287825
3000 287853
3010 287836
3020 287871
3030 288080
3040 288179
3050 288169
3060 288283
3070 288265
3080 288270
3090 288235
3100 288329
3110 288398
3120 288426
3130 288496
3140 288612
3150 288670
3160 288623
3170 288503
3180 288387
3190 288414
3200 288386
3210 288467
3220 288479
3230 288388
3240 288212
3250 288162
3260 288089
3270 288097
3280 288126
3290 288134
3300 288235
3310 288176
3320 288139
3330 288185
3340 288257
3350 288270
3360 288177
3370 288165
3380 288179
3390 288106
3400 287966
3410 287781
3420 287770
3430 287823
3440 287951
3450 288043
3460 287954
3470 287885
3480 287885
3490 287991
3500 287998
3510 288157
3520 288257
3530 288281
3540 288397
3550 288473
3560 288467
3570 288481
3580 288405
3590 288322
3600 288260
3610 288392
3620 288468
3630 288442
3640 288403
3650 288374
3660 288265
3670 288141
3680 287932
3690 287854
3700 287860
3710 287753
3720 287756
3730 287866
3740 287941
3750 288047
3760 288124
3770 288072
3780 288170
3790 288256
3800 288270
3810 288268
3820 288237
3830 288179
3840 288167
3850 288253
3860 288346
3870 288297
3880 288209
3890 288139
3900 288183
3910 288247
3920 288213
3930 288208
3940 288106
3950 288095
3960 288112
3970 288129
3980 288094
3990 288071
4000 288113
4010 288104
4020 287996
4030 287996
4040 288036
4050 288086
4060 288104
4070 288067
4080 288018
4090 287977
4100 287973
4110 287866
4120 287705
4130 287510
4140 287435
4150 287363
4160 287270
4170 287235
4180 287197
4190 287210
4200 287193
4210 287344
4220 287377
4230 287231
4240 287103
4250 286987
4260 286871
4270 286887
4280 286939
4290 287031
4300 287156
4310 287284
4320 287359
4330 287450
4340 287384
4350 287336
4360 287383
4370 287521
4380 287630
4390 287713
4400 287836
4410 287750
4420 287683
4430 287713
4440 287814
4450 287984
4460 288056
4470 288043
4480 287979
4490 287976
4500 287911
4510 287935
4520 287988
4530 288156
4540 288210
4550 288249
4560 288140
4570 287982
4580 287941
4590 287989
4600 288077
4610 288137
4620 288142
4630 287984
4640 287970
4650 287812
4660 287655
4670 287470
4680 287445
4690 287398
4700 287372
4710 287330
4720 287275
4730 287140
4740 287136
4750 287230
4760 287201
4770 287085
4780 286910
4790 286882
4800 286889
4810 286812
4820 286798
4830 286775
4840 286722
4850 286783
4860 286825
4870 286966
4880 287041
4890 287064
4900 287106
4910 287121
4920 287126
4930 287126
4940 287044
4950 287004
4960 287068
4970 287151
4980 287211
4990 287246
5000 287277
5010 287242
5020 287197
5030 287193
5040 287200
5050 287155
5060 287243
5070 287295
5080 287285
5090 287295
5100 287323
5110 287304
5120 287296
5130 287399
5140 287337
5150 287234
5160 287230
5170 287381
5180 287348
5190 287284
5200 287380
5210 287335
5220 287362
5230 287401
5240 287446
5250 287535
5260 287440
5270 287260
5280 287308
5290 287357
5300 287293
5310 287271
5320 287428
5330 287620
5340 287706
5350 287751
5360 287703
5370 287803
5380 287678
5390 287551
5400 287516
5410 287543
5420 287555
5430 287596
5440 287623
5450 287636
5460 287721
5470 287786
5480 287773
5490 287884
5500 288000
5510 288013
5520 288141
5530 288237
5540 288314
5550 288307
5560 288322
5570 288234
5580 288160
5590 288133
5600 288157
5610 288190
5620 288223
5630 288111
5640 288099
5650 288122
5660 288106
5670 288092
5680 287983
5690 287884
5700 287878
5710 287914
5720 287804
5730 287749
5740 287676
5750 287648
5760 287621
5770 287627
5780 287615
5790 287679
5800 287775
5810 287779
5820 287749
5830 287719
5840 287815
5850 287828
5860 287894
5870 287970
5880 288002
5890 288061
5900 288022
5910 288017
5920 287999
5930 288019
5940 287999
5950 287984
5960 287991
5970 288047
5980 288101
5990 288115
6000 288310
6010 288506
6020 288570
6030 288504
6040 288392
6050 288327
6060 288284
6070 288224
6080 288291
6090 288401
6100 288349
6110 288237
6120 288188
6130 288126
6140 288046
6150 288104
6160 288062
6170 288094
6180 288207
6190 288324
6200 288358
6210 288400
6220 288316
6230 288311
6240 288342
6250 288363
6260 288209
6270 288153
6280 288148
6290 288214
6300 288303
6310 288313
6320 288263
6330 288213
6340 288118
6350 288109
6360 288097
6370 287912
6380 287661
6390 287589
6400 287595
6410 287612
6420 287611
6430 287578
6440 287651
6450 287816
6460 287855
6470 287999
6480 288043
6490 288126
6500 288202
6510 288231
6520 288188
6530 288176
6540 288384
6550 288605
6560 288721
6570 288814
6580 288881
6590 288811
6600 288860
6610 288840
6620 288848
6630 288903
6640 288782
6650 288690
6660 288647
6670 288625
6680 288546
6690 288505
6700 288455
6710 288401
6720 288338
6730 288264
6740 288218
6750 288177
6760 288195
6770 288211
6780 288242
6790 288313
6800 288366
6810 288407
6820 288494
6830 288512
6840 288588
6850 288673
6860 288699
6870 288625
6880 288561
6890 288630
6900 288666
6910 288684
6920 288665
6930 288591
6940 288477
6950 288503
6960 288496
6970 288526
6980 288632
6990 288723
7000 288682
7010 288621
7020 288536
7030 288544
7040 288519
7050 288423
7060 288468
7070 288502
7080 288537
7090 288605
7100 288646
7110 288838
7120 289040
7130 289033
7140 289081
7150 289086
7160 289096
7170 289136
7180 289162
7190 289129
7200 288978
7210 288754
7220 288683
7230 288680
7240 288775
7250 288832
7260 288780
7270 288736
7280 288741
7290 288606
7300 288468
7310 288422
7320 288375
7330 288405
7340 288473
7350 288616
7360 288613
7370 288478
7380 288377
7390 288326
7400 288327
7410 288246
7420 288241
7430 288234
7440 288444
7450 288606
7460 288702
7470 288681
7480 288597
7490 288527
7500 288514
7510 288575
7520 288553
7530 288555
7540 288528
7550 288522
7560 288619
7570 288653
7580 288539
7590 288472
7600 288475
7610 288466
7620 288391
7630 288306
7640 288266
7650 288274
7660 288305
7670 288243
7680 288240
7690 288290
7700 288288
7710 288282
7720 288218
7730 288203
7740 288236
7750 288352
7760 288460
7770 288550
7780 288619
7790 288692
7800 288617
7810 288709
7820 288780
7830 288888
7840 288945
7850 289015
7860 289094
7870 289150
7880 289069
7890 289071
7900 288992
7910 288970
7920 289041
7930 289119
7940 289173
7950 289268
7960 289244
7970 289253
7980 289263
7990 289340
8000 289497
8010 289612
8020 289529
8030 289477
8040 289395
8050 289457
8060 289522
8070 289607
8080 289679
8090 289711
8100 289787
8110 289800
8120 289875
8130 289821
8140 289577
8150 289484
8160 289526
8170 289483
8180 289448
8190 289574
8200 289719
8210 289614
8220 289519
8230 289498
8240 289522
8250 289595
8260 289476
8270 289406
8280 289227
8290 289178
8300 289038
8310 288910
8320 288983
8330 289113
8340 289146
8350 289151
8360 289146
8370 289115
8380 289167
8390 289117
8400 289046
8410 289004
8420 288983
8430 288926
8440 288844
8450 288759
8460 288713
8470 288817
8480 288932
8490 288975
8500 289069
8510 289089
8520 289084
8530 289119
8540 289097
8550 288999
8560 289043
8570 288999
8580 288828
8590 288827
8600 288823
8610 288926
8620 288937
8630 288915
8640 288922
8650 288930
8660 288923
8670 288880
8680 288871
8690 288915
8700 289042
8710 289067
8720 289013
8730 289008
8740 288972
8750 288951
8760 288897
8770 288775
8780 288689
8790 288583
8800 288431
8810 288333
8820 288363
8830 288467
8840 288545
8850 288509
8860 288351
8870 288243
8880 288237
8890 288280
8900 288326
8910 288315
8920 288295
8930 288347
8940 288394
8950 288320
8960 288339
8970 288330
8980 288467
8990 288549
9000 288559
9010 288582
9020 288587
9030 288696
9040 288699
9050 288520
9060 288353
9070 288341
9080 288407
9090 288433
9100 288548
9110 288610
9120 288615
9130 288621
9140 288606
9150 288538
9160 288641
9170 288514
9180 288408
9190 288400
9200 288501
9210 288693
9220 288690
9230 288566
9240 288482
9250 288350
9260 288394
9270 288492
9280 288616
9290 288603
9300 288626
9310 288560
9320 288613
9330 288524
9340 288402
9350 288373
9360 288499
9370 288512
9380 288464
9390 288448
9400 288515
9410 288488
9420 288558
9430 288673
9440 288653
9450 288645
9460 288611
9470 288456
9480 288385
9490 288276
9500 288253
9510 288383
9520 288354
9530 288383
9540 288471
9550 288474
9560 288354
9570 288368
9580 288411
9590 288266
9600 288242
9610 288388
9620 288360
9630 288369
9640 288432
9650 288479
9660 288497
9670 288510
9680 288329
9690 288356
9700 288427
9710 288269
9720 288156
9730 288115
9740 288049
9750 288016
9760 288021
9770 288121
9780 288212
9790 288289
9800 288374
9810 288534
9820 288598
9830 288618
9840 288704
9850 288799
9860 288857
9870 288999
9880 289060
9890 289055
9900 288989
9910 288824
9920 288663
9930 288509
9940 288414
9950 288207
9960 288028
9970 287897
9980 287684
9990 287457
10000 287352
