# Fix print output for fix etot
-3951.22273193486
-3951.28206510659
-3951.73547305356
-3951.6852018584
-3951.43452517872
-3951.34553056203
-3952.11128797161
-3951.97757394557
-3951.14163541077
-3950.44115036367
-3951.5094410462
-3952.25307076413
-3952.37599358903
-3950.99725774805
-3950.92787033456
-3952.04057725011
-3951.94241346358
-3951.56324084951
-3951.21416931115
-3951.46254423375
-3951.74275439417
-3951.17640974723
-3951.80770183384
-3951.64656722379
-3951.52424382947
-3950.98719386403
-3952.34368960417
-3951.82852052132
-3950.85698857687
-3950.7762045069
-3951.06654911695
-3951.90878928754
-3952.17026049741
-3952.6400631122
-3951.66720271589
-3950.52952579209
-3950.8292201845
-3951.94725385954
-3951.36805745117
-3951.76424913309
-3951.91575948278
-3951.57624272989
-3951.03340581231
-3951.65942609549
-3952.2570854633
-3951.24225977493
-3952.16454410361
-3951.74061103325
-3951.53494950422
-3951.36060853434
-3951.11747118969
-3951.30928591221
-3952.73048525593
-3951.85954190877
-3951.0386241632
-3950.8364748824
-3951.14500573094
-3951.81664177674
-3952.47342252415
-3951.20847751347
-3950.84102395112
-3950.84517270584
-3951.80004699952
-3952.50799339238
-3951.93059458898
-3951.59133799265
-3952.37852745669
-3952.08470196047
-3951.31364769071
-3951.04064843178
-3950.85407081827
-3951.04406459633
-3951.8459156814
-3952.0396604964
-3951.64726738552
-3951.14902086456
-3951.87116103561
-3951.87158020096
-3951.68570503781
-3951.74302511844
-3952.2577563922
-3951.42478974938
-3951.32171079319
-3951.20339765071
-3951.34977537095
-3951.91273125351
-3952.0745035805
-3950.98383960299
-3950.63500269192
-3952.13466522435
-3951.87330130016
-3951.47468980041
-3951.64209065852
-3951.80179526188
-3952.32407630512
-3951.03483462658
-3951.29693162742
-3951.68521974489
-3951.84752291153
-3951.25749032437
-3951.47806712985
-3951.86156547592
-3951.52772926152
-3950.88929698851
-3951.77077478068
-3952.34930391789
-3951.71031911191
-3951.62147342094
-3952.7089924873
-3952.17118176602
-3950.54186066649
-3951.31102243077
-3951.52783551964
-3951.62408719735
-3952.15243378242
-3952.29672946462
-3951.5529028617
-3951.07369244356
-3952.13087222356
-3951.29436142991
-3950.43134469606
-3952.65923851341
-3952.65033347334
-3951.29173447852
-3951.33180482888
-3951.67829514294
-3951.47966600201
-3953.12018798545
-3952.81836789586
-3950.30262012812
-3951.28828322953
-3952.14956361579
-3951.50194952495
-3952.2474852125
-3952.32303985927
-3951.62707451923
-3951.50697375133
-3951.73486592973
-3951.74178185978
-3951.56052878945
-3951.79073715534
-3951.31604755349
-3951.5582321196
-3951.2122837733
-3952.21324476937
-3952.91136632619
-3951.98762963455
-3950.90854473299
-3951.2933032041
-3951.68696156524
-3951.39165850576
-3951.35587173481
-3951.66061192825
-3952.32242302518
-3951.41142087957
-3951.74330741245
-3951.97899506922
-3951.87896926731
-3951.41063637376
-3951.90194816436
-3951.94098987036
-3950.79152626421
-3951.52551886828
-3951.75636730883
-3951.2949259756
-3951.24942297839
-3951.93602406329
-3951.90857688226
-3951.4534837208
-3950.95362481614
-3951.54043954648
-3950.9828775034
-3950.97446626436
-3951.70044204576
-3951.41007112751
-3951.14665955435
-3952.04537755431
-3952.00041270618
-3950.80176884109
-3950.93475022099
-3951.27425165332
-3951.78734913124
-3951.8843262186
-3950.8706012172
-3951.68779470916
-3951.49197718945
-3951.46698790602
-3950.99784534891
-3951.06493635422
-3951.75723946512
-3951.93671800917
-3951.76280235937
-3951.90433981569
-3951.60435817949
-3951.14797156719
-3951.55987596956
-3951.58977823519
-3951.65613295556
-3952.09326923225
-3951.89486526336
-3951.15377016958
-3951.28525360013
-3951.85380784947
-3951.83854477215
-3951.96609334394
-3951.96106810758
-3951.63028321114
-3951.10376553454
-3950.80876204672
-3951.77582437812
-3952.18344559166
-3951.83507350899
-3951.75482313685
-3951.56513863893
-3951.93457346688
-3951.85053156572
-3951.14343448624
-3951.68194795972
-3952.52750718882
-3951.5466611992
-3951.3241077089
-3951.18498294134
-3951.48952899908
-3952.33693944252
-3951.6725059077
-3951.19833242048
-3951.66070790327
-3951.01238722469
-3950.18755213546
-3952.11390458871
-3952.52662742863
-3951.59821731446
-3951.28815539332
-3950.90662265438
-3950.89804666359
-3951.48027955287
-3951.08514460361
-3950.99520702872
-3951.1140034751
-3951.52127124851
-3952.15279903242
-3951.76446298572
-3951.07427558697
-3950.82128022041
-3951.02403515272
-3950.87873399302
-3951.52192362844
-3952.09848771739
-3951.66150859662
-3950.88104293663
-3951.31046708909
-3952.18579616448
-3951.52232467034
-3951.25840240949
-3951.1849197691
-3951.38557316361
-3951.36106924534
-3951.65820234708
-3951.99598307814
-3951.51988432863
-3950.8026518516
-3951.19568621552
-3952.57125574451
-3953.07460335139
-3951.49034906433
-3950.38655679502
-3951.60725719807
-3951.70047504136
-3951.29257346652
-3951.84538139079
-3952.34623075886
-3952.45678037206
-3951.82939599594
-3951.19643760523
-3950.76782131955
-3951.56258806979
-3951.88666697461
-3952.77098551808
-3951.87810656394
-3951.04521658988
-3950.98597059024
-3951.12420395714
-3952.5449251275
-3952.52419186093
-3951.24755341032
-3951.74300206041
-3951.51231099889
-3951.43593148988
-3951.65487966364
-3952.03803500797
-3951.36677665732
-3951.32713637604
-3951.75352841533
-3951.98675976852
-3951.69770945549
-3952.17027270008
-3952.23159057343
-3951.57581384217
-3951.28432421295
-3953.21354662373
-3952.34360411517
-3950.59784260561
-3951.4763348504
-3952.46472962922
-3952.24219677092
-3951.38441589265
-3951.79292815921
-3951.51111671191
-3951.97346740621
-3952.39687391796
-3951.6386723185
-3951.28019901806
-3951.33622370613
-3951.27983612496
-3950.87029303933
-3952.2492958753
-3952.19748162767
-3951.3770563933
-3951.77401944248
-3951.72568406816
-3951.46305458923
-3951.11768683824
-3951.40576429184
-3952.15924283352
-3952.17218860842
-3951.77583277244
-3951.47282039236
-3952.27866777248
-3952.27649468912
-3950.932445082
-3951.55091654439
-3951.74463639135
-3951.76695814418
-3951.62830758159
-3951.82997354429
-3951.84874044327
-3952.09126322053
-3951.97142339368
-3951.2600882383
-3951.19854851996
-3952.14208299047
-3952.06220722287
-3951.36833399483
-3951.93691415857
-3952.39600295427
-3951.31218519025
-3951.22666573334
-3952.00001490839
-3952.46017570649
-3951.38986900133
-3951.67974755423
-3952.69834276111
-3952.19572388777
-3952.05510563284
-3951.51300284839
-3951.71347888715
-3951.54713655357
-3951.80884565814
-3952.37736755927
-3951.437473666
-3950.75474178427
-3951.64967617602
-3953.07693985783
-3952.46877277947
-3950.27512234819
-3952.17907789876
-3952.21931518592
-3951.54567802805
-3951.80660500751
-3952.01293710062
-3950.68277609078
-3950.8687355709
-3952.49445687976
-3951.91764687948
-3950.67175868516
-3952.59934300372
-3952.53682901657
-3951.49420715871
-3950.75769701342
-3950.8518134908
-3952.1311215929
-3953.10886837605
-3952.5457003863
-3951.1847350318
-3950.74387281017
-3951.75436110233
-3951.996526504
-3951.39490614233
-3951.3318359207
-3951.41567128913
-3952.16354905391
-3951.35087614808
-3951.20620310762
-3951.36767945843
-3952.04608920272
-3951.5171519556
-3951.38503253746
-3951.44177838919
-3951.37532353312
-3952.50932123881
-3952.03213064245
-3950.41991959564
-3950.77151812438
-3951.57207317822
-3952.02371430448
-3952.40360842215
-3952.05977600515
-3951.58314993475
-3950.29273134255
-3951.11488548062
-3952.22441848051
-3952.23675523954
-3951.49948042409
-3950.939999978
-3952.03786051415
-3951.75561119969
-3951.08861482927
-3951.33017017647
-3951.82665280953
-3951.65421925754
-3951.69816299445
-3951.12522445931
-3951.66010670088
-3951.79044886672
-3951.24257746862
-3951.51686501126
-3952.19319642949
-3950.76642984605
-3950.91529810352
-3952.26688640412
-3952.24184994654
-3951.61252240512
-3951.82826861454
-3951.31567462261
-3951.78577035268
-3952.5361888411
-3952.14740769353
-3951.08938849461
-3951.31342336966
-3951.54799590157
-3951.23291320141
-3951.19247063233
-3952.33142627546
-3951.938020764
-3951.31773911634
-3951.34933977076
-3951.10438031428
-3951.42519511109
-3951.08758478563
-3951.94603868778
-3951.67897826101
-3951.26991452172
-3951.20605431575
-3951.63336281258
-3951.40928597584
-3952.06474006916
-3951.35194638516
-3951.49500989191
-3950.79626753968
-3951.41610181342
-3951.65724375868
-3951.87191833394
-3951.93917921376
-3951.53733941621
-3950.88480333915
-3951.3234996416
-3951.90575990313
-3952.24169764407
-3952.55502899249
-3951.24829996411
-3950.96835851865
-3951.11137053898
-3951.69093399402
-3951.51155745425
-3951.47828493819
-3951.19788684437
-3951.25930481172
-3951.60804509474
-3951.79485104716
-3951.13016345248
-3951.06906187516
-3951.50765264977
-3951.94826213673
-3951.76552777491
-3951.5575535632
-3952.37000006375
-3951.63591330436
-3951.51953822274
-3951.60997761621
-3951.99994150928
-3951.80762995515
-3952.14036207545
-3951.34579960662
-3950.78193826854
-3952.17661196924
-3951.99662248994
-3951.54878567781
-3951.16831032709
-3950.90424137738
-3951.26136706703
-3951.11347874723
-3951.43435337182
-3951.43371770513
-3951.33943883184
-3951.56594957466
-3951.24220436069
-3951.25490547408
-3951.78083605477
-3951.63631182666
-3951.64296224068
-3951.18829407474
-3951.40812030197
-3951.80786880648
-3951.55499222337
-3951.0948751049
-3952.01472177533
-3951.68976622899
-3951.31720381829
-3951.44660878856
-3951.47711540914
-3951.2832574736
-3952.2465458504
-3951.69946930739
-3950.9671955072
-3951.12062756785
-3951.96516393307
-3951.5611418813
-3950.71673688873
-3950.83129129221
-3951.40119816763
-3952.01893646519
-3951.7350688758
-3951.18926052107
-3951.57850536395
-3950.9281806339
-3951.6899009999
-3952.27693522279
-3951.10754488479
-3950.81972236005
-3951.61753663006
-3951.53406509925
-3950.49344541365
-3951.32215224707
-3951.8687685531
-3951.58556570501
-3951.75712028624
-3951.8320959782
-3951.07518984124
-3950.68863114708
-3951.45054249077
-3952.17870431382
-3952.04588288719
-3950.93907983707
-3951.15994703905
-3951.10211208836
-3951.48936262838
-3951.98801020879
-3950.86952106008
-3949.923334194
-3951.38733685514
-3952.20462126007
-3952.00585351442
-3951.22046225164
-3951.68707469519
-3950.90798847624
-3950.03708804711
-3951.55096817967
-3952.58650820764
-3951.38723039875
-3950.692922566
-3951.64955112321
-3951.2811234244
-3950.35713269935
-3951.76696538083
-3951.95270187284
-3951.50589815245
-3951.15336505245
-3951.51373776596
-3951.67169481642
-3950.94876202967
-3950.52654382314
-3952.23470750534
-3952.12572515564
-3951.05131706296
-3951.15120111313
-3951.21205835004
-3950.53604276063
-3951.28893887086
-3951.67199721795
-3951.40401355765
-3951.67689559916
-3951.58583114198
-3951.50419267666
-3951.14381693686
-3951.62374198746
-3951.80202978381
-3950.97695218972
-3950.59848626437
-3951.03098711181
-3952.23572409856
-3952.11961018876
-3951.39415936794
-3951.67462687459
-3950.34413559685
-3950.4271530061
-3952.14121362314
-3952.4580652278
-3951.7351383604
-3950.59883762367
-3950.54446149803
-3951.552285767
-3951.1265766957
-3950.53955047897
-3951.66297732619
-3951.83572351815
-3951.52676891345
-3951.39110933902
-3951.11001667991
-3951.68737401471
-3950.95161906606
-3951.66195407506
-3951.80481982803
-3951.19640620967
-3950.88017041958
-3951.62574362369
-3951.56644341225
-3950.72572589426
-3951.57298494945
-3953.06349760691
-3951.91474266291
-3950.91785009997
-3950.7047006632
-3950.79657455037
-3951.59831959351
-3952.03041234891
-3951.42162892308
-3951.18717677949
-3951.73532074204
-3951.47376949973
-3951.75161652808
-3952.13793628762
-3951.26004036412
-3950.82717971452
-3951.17508513161
-3951.7479039147
-3951.33179706002
-3951.60214918079
-3952.0782188716
-3951.19946963704
-3950.97128376788
-3951.87057040225
-3951.41245803867
-3950.83883373172
-3950.77720791293
-3951.32437435624
-3951.77525838713
-3952.19536016701
-3951.52858959068
-3950.75962151658
-3950.88154643955
-3951.15468592231
-3951.59582228336
-3951.51267943481
-3951.79312851469
-3951.34170447205
-3950.3009171185
-3951.43295140059
-3951.77627935052
-3950.78811230429
-3950.99120878115
-3951.43597786304
-3951.40927781582
-3951.67122724146
-3950.95666551883
-3950.9759056537
-3951.4713518918
-3951.36525601325
-3950.69232084639
-3950.75726606776
-3951.17804626143
-3951.98170189201
-3952.19707809955
-3951.35680619665
-3950.64045394358
-3950.49945391912
-3951.70209382938
-3952.67001203849
-3951.67193731504
-3950.98982828858
-3950.79129471946
-3951.2755283862
-3951.36866902812
-3951.82257793371
-3951.78652837786
-3951.29422154407
-3951.16617570378
-3951.06871042778
-3950.95470258317
-3951.25514718275
-3951.73276513395
-3951.57066542462
-3952.03614083769
-3951.63558162879
-3950.85124463604
-3951.05525177674
-3951.74622205041
-3951.53272969777
-3951.37210355236
-3951.00394542656
-3951.53005023615
-3951.98698956188
-3951.69735511843
-3951.6638781055
-3950.94665631739
-3951.09366578592
-3950.85111062354
-3951.29360014762
-3950.92336053919
-3951.2986374719
-3951.44354065537
-3951.47857276607
-3951.49664218999
-3951.72729193391
-3951.86538118426
-3949.99852632625
-3950.52412236593
-3951.93529192108
-3951.32264835211
-3951.16841156402
-3951.36796170678
-3951.87221033644
-3951.77989202244
-3951.31350652131
-3951.19511640166
-3952.06000127434
-3951.94530332595
-3950.38864394265
-3950.5611606304
-3951.34732980816
-3952.33480976836
-3952.81962365137
-3951.43412673931
-3951.32555658866
-3951.0265790602
-3951.56890098952
-3951.86974489501
-3951.88932736081
-3950.97324543915
-3951.11150814408
-3952.23666920135
-3951.12787871975
-3951.25832962539
-3951.95263063881
-3951.57161260441
-3950.49349308132
-3951.19180632782
-3951.63436540552
-3951.41717730354
-3951.37940366366
-3951.44335200882
-3952.29122163343
-3951.28443905925
-3951.0877914286
-3951.10039196746
-3950.78772348175
-3951.61296626351
-3952.58941318022
-3951.34525708646
-3950.74860147628
-3951.68750836484
-3951.01642521967
-3951.60625397867
-3951.6959671326
-3951.42829634135
-3951.72608611334
-3951.53006444164
-3950.93764349361
-3950.89612744928
-3951.19027223559
-3951.71682780197
-3951.74722323895
-3950.40234254409
-3950.54001312855
-3952.23336568892
-3952.36086903793
-3951.8823049303
-3951.68735131166
-3951.34074415835
-3950.73973587708
-3951.50881235297
-3951.82211523226
-3952.41780736792
-3951.91363264963
-3951.91855166921
-3950.76501954889
-3951.37428164552
-3951.64990973398
-3951.79381647854
-3952.11476606013
-3951.65879041451
-3950.58807475081
-3950.71401006369
-3950.98519575103
-3952.71767214073
-3952.30922304736
-3951.20168517449
-3951.30159688923
-3951.89811710321
-3950.89771276444
-3950.89702703636
-3951.45837648726
-3951.35062793011
-3950.73924874025
-3951.05042236029
-3951.78932329006
-3951.50215708852
-3951.67457511494
-3951.81004632142
-3951.48243207592
-3951.12973948427
-3951.25418819474
-3952.07233672554
-3951.89184950723
-3951.3195440594
-3950.43603980565
-3950.91173480049
-3952.37386071867
-3951.85420080799
-3951.6963470433
-3951.67922939894
-3951.23312027215
-3950.85676243619
-3951.82304373799
-3952.00923518142
-3951.79525540317
-3952.01967734701
-3951.27877490728
-3950.59855235177
-3950.98659163445
-3951.57666132328
-3951.80463691327
-3951.03099999379
-3950.69893741653
-3951.25314614847
-3951.1316664252
-3951.32387008606
-3950.55762748073
-3951.0344677982
-3951.86002004022
-3951.66723256097
-3951.03861030442
-3951.08125104383
-3951.07579412402
-3951.70681744573
-3951.55410598572
-3951.08042058479
-3950.86646670575
-3951.12162842101
-3951.65450868915
-3951.61873302952
-3950.90383484878
-3951.07414495685
-3951.15002073443
-3951.40020480502
-3951.33904429303
-3951.39582036373
-3951.55307887209
-3951.7487426854
-3951.57938935332
-3951.0912124434
-3951.85942774523
-3951.37765058668
-3950.57761235669
-3951.07311436945
-3951.90563241683
-3951.4330633425
-3951.71748515047
-3951.89694587906
-3951.76184331362
-3951.45768916776
-3950.50137678741
-3951.6752277747
-3952.03958335388
-3951.39578727835
-3952.08908435911
-3952.0169015257
-3951.18754166939
-3952.55984927215
-3952.53935957291
-3951.72719579746
-3950.70651141275
-3951.26958884295
-3951.82673503701
-3951.24493065676
-3951.56879976397
-3952.22187912268
-3951.92218759904
-3951.56978604151
-3951.08362391385
-3950.8769467111
-3951.81548185963
-3951.9410424145
-3951.2367730137
-3951.72902995172
-3952.39708904594
-3951.75493826822
-3950.31700837726
-3950.3346166723
-3951.37109075893
-3951.7687940308
-3951.80395904815
-3952.10678895088
-3951.91342775782
-3951.90576699381
-3951.36203724719
-3951.21544325186
-3951.5110028855
-3951.38738256407
-3951.5813409997
-3951.66095190858
-3951.38807482514
-3951.20090310567
-3950.89892514148
-3951.2718224794
-3951.66877438047
-3951.42252996801
-3951.34952158202
-3951.35509266873
-3951.42589773217
-3950.37941437472
-3951.64080206969
-3952.1924554729
-3951.38369032359
-3950.62925139391
-3951.00865115413
-3952.04248459297
-3952.35913345502
-3951.65061739984
-3950.76440117395
-3950.57579713127
-3950.81992103006
-3951.15015901014
-3951.52287313556
-3951.45036414599
-3951.24428262891
-3951.15286879742
-3951.05009341035
-3951.24896495227
-3950.78096454445
-3951.72201567897
-3951.55656846716
-3951.25000945243
-3951.45994520137
-3950.96979425807
-3950.82211880534
-3950.98365206606
-3951.28821730298
-3951.77569702924
-3952.15508737475
-3951.20074034224
-3951.42170324528
-3951.38669244912
-3951.37887886241
-3950.54282674238
-3951.74248471475
-3951.86060142727
-3950.63818806776
-3951.2316687525
-3952.24758853742
-3951.07671878631
-3950.98089467045
-3951.12487098943
-3951.1945451962
-3951.21466730356
-3951.20501978384
-3950.30007342269
-3951.38647211027
-3951.80940198826
-3950.18534471779
-3950.56047858611
-3951.52416494486
-3951.38737058696
-3950.98231066607
-3951.40437909042
-3951.46280827148
-3950.06015931484
-3950.11423789097
-3951.18037768145
-3951.76743980359
-3951.70575870657
-3950.84249436017
-3950.37268638181
-3950.77411068502
-3951.15149694135
-3951.42220684602
-3950.67048049621
-3950.85575840783
-3951.586267792
-3951.58886263398
-3951.3011629981
-3951.93559154979
-3951.76749167382
-3951.12795372562
-3950.65588597241
-3950.56904199806
-3951.29725952888
-3951.77188618268
-3951.3641054544
-3951.60044845202
-3950.67119234276
-3950.21577163772
-3951.00432444724
-3951.81148543345
-3951.49546149769
-3951.10845474492
-3951.51274900902
-3951.02067189665
-3950.72575572195
-3950.94079565598
-3951.20261749202
-3951.17279652195
-3951.2266220257
-3951.02131045526
-3951.41261051884
-3950.65608374635
-3950.29106265721
-3951.48308516307
-3951.49432366808
-3950.74948909752
-3951.08189025624
-3951.1083524818
-3951.48130996007
-3951.60384327111
-3951.61269962188
-3950.17118015994
-3949.82785894901
-3951.56574287601
-3951.6269779594
-3951.10138790401
-3951.26170714181
-3950.6043999798
-3951.2300989149
-3950.90562463657
-3951.1694744696
-3952.06675749193
-3951.6641715007
-3951.10529370831
-3950.85923736196
-3951.43626922182
-3951.09291624634
-3951.33181951919
-3950.57179274874
-3950.39619640779
-3950.99748951901
-3951.65841678302
-3951.02131214851
-3950.94163725776
-3951.09524946711
-3950.92505873055
-3951.38276491961
-3951.37592759651
-3950.96345681562
-3950.64360134535
-3950.60212585616
-3951.09142654115
-3951.48126751944
-3951.76933994217
-3951.63904773074
-3951.0741139069
-3950.740432254
-3950.71157544858
-3951.2922991299
-3951.43303378115
-3950.86326081201
-3950.95489053623
-3950.92482366803
-3950.30553510528
-3951.32187370224
-3951.95182761664
-3950.71146188635
-3950.78634689074
-3950.9851670503
-3951.42002358632
-3951.65537545608
-3951.1772582446
-3950.82752641868
-3951.09131542203
-3951.30415788683
-3950.82989820193
-3950.96935041026
-3950.59792029859
-3951.6382977663
-3951.63868600656
-3951.29809608974
-3951.4166265716
-3951.61608848237
-3950.97931514395
-3949.76272057805
-3951.33789576165
-3952.29905213967
-3950.75411404345
-3951.92573765342
-3951.70197461549
-3950.32444852741
-3950.53454162766
-3951.37259587061
-3951.97809155343
-3952.08173592265
-3952.3397522363
-3950.80148243925
-3951.293900278
-3951.51143887944
-3951.38742082504
-3951.27417852455
-3951.24959254652
-3951.8606697569
-3951.60739907453
-3950.75055970555
-3950.46195497264
-3951.5260038115
-3951.90835076379
-3951.45950788004
-3950.43099157069
-3951.57888171666
-3952.03679401478
-3951.3224685224
-3950.80328918548
-3951.61118474451
-3951.64289894942
-3951.09485935541
-3950.9579434078
-3951.29539230435
-3952.32240191228
-3951.3696931451
-3950.06190189841
-3951.65701661577
-3952.01529211235
-3951.37682096355
-3951.61883512092
-3951.83303305006
-3950.76175244221
-3951.57648126782
-3951.93624030042
-3951.50538618127
-3951.07416406726
-3951.60224704279
-3951.44452909516
-3951.42579053295
-3951.43637016513
-3951.74378629119
-3952.00598657322
-3951.44436581875
-3951.02275630906
-3951.00527848858
-3951.63402580366
-3952.27808158231
-3951.87689110934
-3950.47776342726
-3950.79300433972
-3951.96833368414
-3952.47607072075
-3951.42794332081
-3951.87847998758
-3950.91028536513
-3950.73780213702
-3951.49020497538
-3952.10662234484
-3951.92365139978
-3951.97081350713
-3951.51617377136
-3950.22197333523
-3951.58595687302
-3953.00282265659
-3952.52478382741
-3951.29429559884
-3951.79517817843
-3951.3950196469
-3950.22136657922
-3952.16539987743
-3952.57749706439
-3951.04489125085
-3950.55584034791
-3951.28892947839
-3951.87379413253
-3952.04144174023
-3951.38906921162
-3950.89030742599
-3951.11501938586
-3951.15818258199
-3951.0020194744
-3951.36160003938
-3952.06299879618
-3951.47282350967
-3951.38980838979
-3950.45094390824
-3951.24825140441
-3951.78547145725
-3950.90381606096
-3951.52402421877
-3952.15877241616
-3951.52271651525
-3951.62931713348
-3951.60460497574
-3951.09627544792
-3950.95792139002
-3951.34988339422
-3952.0147833693
-3951.2808405595
-3950.55355809126
-3951.02505481312
-3951.38134198352
-3950.88135414099
-3951.19659761671
-3951.23769652407
-3950.94368065885
-3951.45644593416
-3951.53036434653
-3951.74420343184
-3951.21455757005
-3951.49261477888
-3950.77200191866
-3950.80941630718
-3951.71304956137
-3951.91317283686
-3951.42526962868
-3950.84660107758
-3951.18732353582
-3951.44137219386
-3951.23641912562
-3950.82318519161
-3951.24142974957
-3951.95513896199
-3951.64419801126
-3951.23172837231
-3951.67498974545
-3950.8008596109
-3951.07336422614
-3951.35641842604
-3951.47560306653
-3950.41843837542
-3950.35654926579
-3951.35512068519
-3951.98125822781
-3950.95040789864
-3950.53341487755
-3951.46686953899
-3952.26569501022
-3951.82091343856
-3950.57298415775
-3950.71358857395
-3951.71514597866
-3951.87259924452
-3951.24664095748
-3951.0493049415
-3950.89497457671
-3950.90026788656
-3951.64222146346
-3951.95312090429
-3951.53755330735
-3950.87490731759
-3950.43565713248
-3952.54371570257
-3951.9328949307
-3951.12225602956
-3951.35744183575
-3950.81855562069
-3950.9900933191
-3951.85913521188
-3952.25548394916
-3951.69314096443
-3951.02431847284
-3950.85038896625
-3951.15344362238
-3951.92793598523
-3950.83185265522
-3950.91986197136
-3951.80855888212
-3951.73342652958
-3950.98798620606
-3951.06958337624
-3952.03718346934
-3951.28410860566
-3949.73293650501
-3950.96904949047
-3951.71208146588
-3951.25289117435
-3951.52919738291
-3951.71421539629
-3951.21037684013
-3950.90550702511
-3950.99864982184
-3950.70629533413
-3950.9390735399
-3951.03560742968
-3951.41408246953
-3951.47053180275
-3951.42703590012
-3951.94951113154
-3951.61153370527
-3951.04641741555
-3951.54421448615
-3951.73105519899
-3951.15135242339
-3951.56684796672
-3951.75214887756
-3951.31740953234
-3950.56204540745
-3950.93494489467
-3952.08151016908
-3952.21789459549
-3951.94304547695
-3950.86019550898
-3950.67480636742
-3951.66911577262
-3951.38239013068
-3951.45929441654
-3952.02906592625
-3951.71656832259
-3951.62215195662
-3951.18689622531
-3950.7560951502
-3951.74707160835
-3952.09470568762
-3951.5404545062
-3950.24511964445
-3950.74674753575
-3952.44504801421
-3951.30472247543
-3950.48280445206
-3951.89986375527
-3951.37232227796
-3950.4985284635
-3951.02577448591
-3951.95080818337
-3951.3503739709
-3950.76849966647
-3950.9882706784
-3951.02140384274
-3951.38055436604
-3951.25412136301
-3951.29803576119
-3950.52736129424
-3951.20993251641
-3951.72948283493
-3950.63661151613
-3950.68581067693
-3951.52849261409
-3951.12709588117
-3951.10325721821
-3951.53036345794
-3952.4327876782
-3951.16102319353
-3949.78932915864
-3950.16695468382
-3951.47269030392
-3952.55293253998
-3952.25972607357
-3950.40956454574
-3950.41713127881
-3951.4573728978
-3951.75403536046
-3950.69176913884
-3950.82617855965
-3950.91522179196
-3950.62625906548
-3951.51831363121
-3952.02515249795
-3952.06764215001
-3950.67954356078
-3951.14587483087
-3951.54764177651
-3951.85414329343
-3951.01302525986
-3950.8426070388
-3951.28963749482
-3951.25423174018
-3951.29798595726
-3951.13020848142
-3951.04863427268
-3950.5715527187
-3951.11793074429
-3951.65343357882
-3951.04337251915
-3950.99437042584
-3951.02534850121
-3951.42860365565
-3951.60806723458
-3951.32724220192
-3950.60756351909
-3950.74183285361
-3951.96513750814
-3951.54983961932
-3950.95883296295
-3950.38581046281
-3951.11222170133
-3951.40741119833
-3951.43905980793
-3951.13956251797
-3950.50164960141
-3950.64725418577
-3951.54664779658
-3951.41230885031
-3951.99088750566
-3951.462592095
-3950.41865748364
-3951.77254928465
-3952.44189862351
-3950.91077887371
-3950.22847238878
-3950.88873123459
-3951.18576606441
-3951.54967334762
-3952.09942494699
-3951.34069950974
-3950.6913650576
-3950.6779241382
-3952.17750586879
-3951.73375057935
-3950.6295725597
-3950.86700987323
-3951.12971678135
-3950.9787043428
-3951.20051779416
-3951.52307633892
-3951.44550092794
-3951.38209767981
-3950.90195296256
-3950.85385290998
-3950.59937788315
-3950.61356909877
-3951.09499198502
-3951.87785843794
-3951.57009633044
-3950.66525512448
-3950.53168781973
-3951.19399225878
-3951.67345941236
-3951.38134595001
-3951.09824601455
-3950.9321710959
-3950.93152913869
-3951.54153459351
-3951.42498473729
-3951.5014985373
-3950.83453130853
-3950.12005760071
-3951.13998947145
-3951.61139136047
-3951.08950635529
-3952.02345948715
-3951.66441413658
-3951.06371773391
-3950.56061688163
-3950.61937926593
-3950.41531123904
-3951.11472700901
-3951.62705704273
-3951.13746383197
-3951.36633963127
-3950.97492813208
-3950.81712380562
-3951.6051933511
-3951.50856061731
-3950.93857413141
-3950.43378638431
-3951.45316398905
-3951.24059433857
-3950.88636462692
-3951.91851338709
-3951.24660604234
-3950.42768143346
-3951.45502875797
-3952.48606756112
-3951.88273332129
-3950.12083191491
-3950.93179101561
-3952.00390725944
-3951.08459558966
-3951.64863719647
-3951.23832188367
-3950.5221154657
-3950.4949958711
-3951.33210314217
-3951.36375074748
-3951.68964931076
-3952.1813342666
-3951.88951338416
-3950.82735322806
-3951.19174675515
-3951.31287620838
-3951.23879886977
-3951.82706386967
-3951.75266562325
-3951.39110238907
-3950.76851313171
-3951.26982718966
-3951.58359575587
-3951.38885140871
-3951.46461865594
-3951.49247062459
-3951.92757187296
-3950.99786798957
-3950.99939414017
-3951.43808060644
-3952.14125319171
-3951.28321428472
-3950.6061985762
-3951.2004356377
-3952.00846919095
-3951.31737727527
-3952.29212849761
-3951.06986892972
-3951.121473532
-3951.49470147375
-3951.11772652416
-3951.19469677199
-3951.85277092588
-3951.20941740489
-3950.65367090093
-3951.12547775782
-3951.32851044256
-3951.79443300639
-3951.18046617841
-3950.78750079105
-3951.76221004159
-3951.5982870063
-3951.72648020091
-3951.2774393016
-3951.05140497363
-3951.64724827718
-3952.10974525286
-3951.7960156026
-3951.62735077592
-3951.33795506531
-3950.99880490747
-3951.42861251685
-3950.93039169025
-3951.9720114469
-3952.27702247502
-3950.89830574998
-3950.08514606183
-3951.03343190595
-3951.65891378071
-3951.96119394861
-3951.85828405246
-3951.06718860921
-3950.90539422347
-3951.85538930572
-3951.42282372231
-3951.24157348816
-3951.39584632675
-3951.61013612272
-3951.83038952555
-3950.87669184229
-3950.56982219936
-3951.4587188003
-3950.69080406949
-3950.94152947915
-3951.92748893042
-3951.98932514154
-3950.88863640357
-3950.42787667448
-3951.02711479156
-3951.06360833124
-3950.78257793962
-3950.4731826847
-3950.95939338297
-3951.43987551282
-3950.55104497899
-3951.49070270685
-3952.23593564515
-3951.26196387897
-3951.15112604373
-3950.43284527369
-3950.8662194613
-3951.47203174767
-3951.6406570412
-3951.91855189368
-3951.1186011528
-3950.30744484089
-3951.48717269693
-3951.67274646345
-3950.88583739708
-3951.05066088912
-3951.59196018204
-3951.25765334244
-3951.01557607963
-3951.41958002901
-3951.03382274695
-3950.86347365773
-3951.46200151978
-3950.85169212396
-3951.51953237822
-3951.0491623173
-3950.47595849308
-3951.34862757224
-3951.14800405406
-3950.19195230097
-3951.35262069656
-3952.07152322753
-3951.61121289447
-3951.84157980496
-3951.51267371768
-3950.08548064689
-3950.53984258397
-3952.08570787057
-3952.42852808446
-3950.95584839605
-3950.42567959251
-3951.24684320193
-3951.27674560174
-3951.24603749085
-3952.42920630679
-3951.7284153749
-3950.17986014311
-3950.1813322549
-3951.59088914125
-3952.30357258588
-3951.87000415099
-3950.51614668544
-3951.54212515726
-3951.55676080522
-3951.17444372131
-3951.07825830729
-3951.86087735468
-3951.50089181552
-3950.7020786666
-3951.07313851726
-3952.15870366204
-3951.85234797887
-3951.43426840399
-3950.61450978244
-3951.44682080723
-3952.01081535726
-3951.54551510689
-3951.16044436083
-3950.43048255441
-3950.26110873521
-3951.65854011848
-3952.87476107767
-3952.10083696094
-3951.19420877233
-3951.77563226531
-3951.4838957496
-3951.5452481914
-3951.57415987073
-3951.5296890039
-3951.61693566098
-3951.8673003232
-3951.89530205665
-3951.52528625932
-3951.39302750191
-3950.49006806836
-3950.98116172813
-3952.0163671693
-3951.59349334314
-3951.14804583366
-3950.52679410358
-3950.87794508661
-3951.69171187864
-3952.02068684046
-3951.13242827256
-3950.72555254873
-3951.44348495528
-3951.61562566659
-3950.510402026
-3950.06039390973
-3951.15335352348
-3951.62918273064
-3950.88235817091
-3950.47349310297
-3951.30682945786
-3951.25934019776
-3952.163551746
-3951.1557832715
-3950.27589675286
-3951.13528615047
-3952.41475559611
-3951.46082562001
-3950.33258678058
-3951.19293395639
-3951.77789974981
-3951.41133321465
-3950.4672995654
-3950.56759933792
-3950.84944279697
-3950.69914424652
-3950.80452261579
-3951.74675589377
-3951.32101371297
-3950.90527196419
-3950.62418769484
-3951.31936224408
-3951.2788026951
-3950.79905323847
-3951.19011911471
-3951.86125685843
-3951.74411436839
-3951.48126775867
-3950.98660875553
-3950.95640094198
-3951.41721896943
-3950.97868049213
-3950.32333644604
-3952.15103681805
-3952.34062599139
-3951.1486944519
-3950.49952731543
-3951.12514727477
-3951.45486448038
-3951.69723467055
-3951.69256265072
-3950.85124513508
-3951.59101298302
-3951.1797610315
-3950.81905510049
-3950.8959774521
-3950.9338727827
-3951.65088080167
-3951.59955479108
-3952.45995529554
-3951.59607156297
-3950.73015035436
-3951.066178831
-3950.90171626209
-3950.96826251033
-3951.13711197703
-3951.64331170776
-3951.23754924006
-3951.02209459602
-3950.81816657476
-3950.38435801622
-3950.81545312507
-3951.7696576444
-3951.93009964494
-3951.29603945819
-3950.20948307426
-3950.67697602572
-3951.20397016121
-3951.40945072944
-3951.57540767656
-3951.69518060649
-3951.65411269044
-3950.34124347657
-3951.58533231545
-3951.62299149443
-3951.22519847418
-3951.26761537755
-3950.97722007483
-3950.59535116667
-3951.8895855902
-3951.08073313618
-3952.20198590222
-3951.44754811631
-3950.70984146188
-3950.86422735118
-3951.04710108775
-3951.38000742165
-3951.54151307358
-3950.90703565717
-3951.2362446128
-3951.38669221869
-3951.41616513465
-3950.72886362159
-3951.30893043686
-3951.78033918648
-3951.0724828471
-3951.21742594206
-3951.0214201994
-3951.09922961891
-3951.24493633103
-3951.24547029117
-3951.40290578107
-3952.01715786342
-3950.90008574789
-3951.4772864437
-3951.39038361669
-3950.84445825
-3950.46653424349
-3950.96404037753
-3951.6081786811
-3952.19055205253
-3952.16521715129
-3951.29275366103
-3949.83570001194
-3951.1261619224
-3951.9107375139
-3951.67275726551
-3950.66059361874
-3950.5888833442
-3951.25241273402
-3951.30027095567
-3950.72588257166
-3951.46274816372
-3951.19059691757
-3951.59334903329
-3951.14919358997
-3950.96194690859
-3951.14449678564
-3951.60111166377
-3950.26165586336
-3951.52747921822
-3951.63032847386
-3951.09054661358
-3950.4202833902
-3951.72576012379
-3951.54853205263
-3952.0484575844
-3951.67693428741
-3951.19713359037
-3951.45184611748
-3951.57634378547
-3951.40883089442
-3950.5826373855
-3950.91031402327
-3951.40449735141
-3951.7717013244
-3951.84276968554
-3951.13626683249
-3951.03566625611
-3951.16061502416
-3950.65021995323
-3951.17964071935
-3951.50792305841
-3951.528594612
-3951.12984256065
-3951.28087951834
-3951.16607793898
-3951.46464801923
-3951.57680925294
-3951.17115850071
-3950.33054781368
-3951.96596815067
-3951.52760046088
-3951.36565487826
-3951.40581991802
-3951.22998799382
-3951.28006607352
-3951.02203741136
-3950.99013325944
-3951.61773862335
-3951.47181376158
-3951.31423100852
-3951.29540161202
-3951.42427070625
-3950.82229783864
-3951.8824172212
-3951.54018479854
-3951.28302759984
-3950.59795006863
-3950.65828787782
-3950.50883789707
-3951.63647001356
-3951.98304095524
-3950.825208759
-3950.70062586687
-3951.39452851218
-3951.16888550962
-3950.43970129715
-3950.98832995956
-3951.68231340199
-3951.66259347874
-3950.77338234224
-3950.91443313936
-3951.39320723493
-3951.47648742769
-3952.03598888112
-3951.49451252552
-3950.73115821056
-3951.29249736251
-3951.33972283925
-3951.28041471842
-3950.81430813181
-3951.69887165576
-3951.17012561727
-3950.90147055708
-3951.43650576188
-3951.49402986243
-3951.33488546056
-3950.84549629255
-3950.46438814799
-3951.03320391794
-3951.5116522025
-3952.27931412704
-3951.87130520248
-3951.62402540019
-3951.42390849711
-3951.95303871659
-3950.84955916551
-3950.66591010598
-3951.43332662253
-3951.84397443988
-3951.49663067245
-3950.86442465399
-3950.60812002004
-3951.65029721887
-3951.47206439267
-3951.16748785985
-3951.19968702446
-3951.46351625667
-3951.23671767042
-3951.07583937602
-3952.25750430165
-3952.53265743658
-3950.31766232759
-3950.63204504826
-3951.72218828146
-3951.20437316514
-3950.54041452576
-3952.04143590524
-3951.28891384946
-3951.86833447895
-3951.3433475647
-3951.34432779887
-3951.31408597067
-3951.179222375
-3950.83335640331
-3950.65991698322
-3951.40196822972
-3950.98664585137
-3951.45546689644
-3951.42307306723
-3951.2292366433
-3951.80008194814
-3951.46010481716
-3951.14737153187
-3951.36666481976
-3950.52775183269
-3951.18812416687
-3951.73004932807
-3951.11301656796
-3951.88765382371
-3951.68455022724
-3950.35248929998
-3950.95658969346
-3951.61074413868
-3952.12000501328
-3951.66062863968
-3950.92327209903
-3951.4376499312
-3952.05506852884
-3950.52659851039
-3950.73788989481
-3950.69003214288
-3951.58795306799
-3951.65304994137
-3950.96825888245
-3951.82216083935
-3952.20850569775
-3952.33481452019
-3952.09290126069
-3951.01886338928
-3951.46699182786
-3952.42870394719
-3951.29290552252
-3951.44186778328
-3951.85488070705
-3951.37738591874
-3950.5888273852
-3950.62708916981
-3952.20160146045
-3951.80829164174
-3951.528289575
-3951.99784332214
-3951.71108395976
-3951.44377993579
-3951.52070368802
-3951.5456013371
-3951.46691688147
-3950.93037506042
-3950.86270270156
-3951.1404769683
-3952.01645799903
-3951.87152920192
-3950.96450159147
-3950.79049751935
-3951.56074597277
-3950.8463779684
-3951.05443360657
-3951.64702096616
-3951.94654103796
-3951.59492159572
-3951.44559955675
-3951.03006779849
-3951.20489073026
-3952.01636020332
-3951.32314200332
-3950.60091529457
-3951.60359447804
-3952.3895301997
-3951.01561095676
-3951.33575374194
-3951.31512551168
-3951.68192141615
-3951.37323052233
-3950.59431836245
-3951.26565413352
-3951.91044017534
-3951.21358345315
-3951.82018839742
-3951.32905231634
-3952.26890674203
-3952.06060446888
-3951.08185259198
-3951.26220405742
-3951.11923592931
-3950.72086909857
-3950.76988796328
-3952.16012331451
-3952.02422463259
-3951.73327168138
-3951.27086937295
-3950.81159064079
-3951.30076039489
-3952.37103910834
-3952.23645123444
-3950.38002110784
-3950.17078160006
-3951.64568194719
-3952.20178026497
-3951.0465382763
-3951.12608141029
-3951.71619052878
-3951.65406526608
-3951.39519516771
-3951.74592235921
-3951.69110119992
-3951.10668013446
-3951.05933385728
-3951.23357478509
-3951.54829760452
-3951.03702876589
-3950.91751591414
-3951.63968055775
-3951.47416680677
-3951.64654354892
-3951.64432787702
-3951.52656638769
-3951.65221455556
-3951.44554850458
-3951.61499556748
-3952.33090087374
-3952.26582176674
-3951.35800567313
-3950.66732471576
-3951.1947545166
-3951.97165455615
-3951.52100434936
-3951.09549643368
-3951.94389920468
-3952.60594315329
-3951.62716257814
-3950.80827104192
-3951.28038997151
-3951.77502438997
-3951.76831663205
-3951.36925757697
-3952.29105327606
-3951.40708502176
-3950.7608924735
-3952.34318989956
-3951.78938672372
-3950.35830062264
-3951.34280644053
-3952.00965727119
-3951.30476635842
-3951.38168515648
-3952.01417060053
-3951.39455556801
-3950.63178193881
-3951.73544675016
-3952.12051974147
-3952.29749709611
-3951.42550101735
-3951.19939338625
-3951.43619374476
-3951.57160760735
-3951.89604576094
-3952.09083421627
-3951.00008880789
-3950.8156156704
-3952.0474901833
-3952.78638560655
-3951.8147432704
-3951.10691278032
-3951.37098957469
-3951.01083810573
-3951.18522085653
-3951.68809257796
-3951.24910622804
-3950.91577058745
-3951.17425625133
-3950.6537300768
-3952.27416108184
-3951.32748257387
-3950.839082677
-3952.51451291413
-3952.27849505595
-3951.28546531951
-3951.64194956305
-3950.526993377
-3950.78761993722
-3951.09185013867
-3952.54861611226
-3952.41925724101
-3950.58621425082
-3950.90721116596
-3951.1462980185
-3951.81412715394
-3951.2726729227
-3951.0954164724
-3951.66296908347
-3951.43456894607
-3950.96351152057
-3950.49028643032
-3951.9236839311
-3951.57231606301
-3950.82016610827
-3950.99191800913
-3952.10881576949
-3952.09020380315
-3951.42206215658
-3951.43321865743
-3950.64179007214
-3951.08891665105
-3951.69473946331
-3952.29029008144
-3952.02405326369
-3950.77611900809
-3950.77323637603
-3950.70810782342
-3951.80170422841
-3951.77023270527
-3951.06709480478
-3951.03594489217
-3951.67281602908
-3951.4140167909
-3951.09958381978
-3951.30452789986
-3951.99732270996
-3950.76042119157
-3950.94513417659
-3951.31329322417
-3951.65838734686
-3952.07925876779
-3951.40233851065
-3950.76057870347
-3951.32645356218
-3951.24518796944
-3951.18282824042
-3952.0384861814
-3951.70678335571
-3950.96449184261
-3951.65344300276
-3951.68062775724
-3950.35596438451
-3952.36322394171
-3951.92654613052
-3950.74239553432
-3951.25124343252
-3952.37196272568
-3951.36752176693
-3950.33832331404
-3951.28718253
-3951.52002127422
-3951.31733711702
-3951.17533489031
-3951.00246142977
-3950.96364711191
-3951.25041276611
-3951.77696304075
-3952.56042736217
-3951.42870670317
-3950.4737467369
-3951.02105743153
-3951.99737840631
-3951.83629960616
-3950.70907675265
-3950.68713649823
-3951.6499099866
-3951.98143181775
-3951.03084426961
-3950.9812270115
-3951.71038075985
-3952.28623861949
-3952.18438859253
-3950.72019283491
-3950.39384014818
-3951.89292162286
-3952.09828267754
-3951.85329731578
-3952.87085868826
-3951.86871995859
-3950.49290683715
-3950.38543018963
-3950.63889225239
-3950.91244025096
-3952.26677534264
-3952.36368219521
-3951.14608217735
-3952.00558562409
-3952.04423698334
-3951.16693808502
-3950.59779246488
-3950.61859382926
-3950.90906549078
-3950.92860712189
-3951.73529561801
-3952.32270911552
-3951.91280014451
-3950.48571024987
-3950.4524963576
-3951.9563989132
-3951.8193199751
-3951.72300673942
-3951.16034790221
-3950.42837097194
-3951.41598982254
-3951.53715963916
-3951.23442953182
-3951.84763319404
-3951.32113253739
-3952.29516627656
-3951.84103283586
-3950.87049020023
-3951.02230452866
-3952.17256082562
-3952.42419985184
-3951.41947069991
-3951.04775835232
-3951.28620370241
-3951.03705359839
-3951.60393988867
-3951.54006678289
-3951.60609747368
-3950.4512482439
-3951.76311276147
-3952.20649057763
-3951.81183557058
-3951.07735271619
-3951.36569252135
-3952.72966217448
-3951.36871540468
-3950.21669601965
-3951.28697137411
-3951.98957078799
-3951.29743064488
-3951.30937866963
-3951.16461072604
-3951.02704676798
-3951.51910967198
-3950.99767868776
-3951.29355586518
-3950.95705840861
-3951.36553937064
-3951.38650068332
-3951.28130674416
-3951.86580665657
-3950.88082815508
-3951.10771371725
-3951.15619149265
-3951.47486379392
-3951.43685523705
-3951.36360322814
-3951.94828452413
-3951.42101070495
-3950.55522508748
-3950.94712222947
-3951.53115469725
-3951.83543301152
-3951.19631060669
-3951.07192683416
-3951.71213007221
-3952.33297595709
-3952.492100109
-3951.0771008139
-3950.54754474351
-3950.82615463603
-3951.06063834646
-3951.3687605747
-3951.78420539295
-3952.50590103537
-3951.59548390038
-3950.39886923706
-3949.90152077632
-3951.28392640027
-3952.12739088066
-3951.82500018388
-3951.3825799478
-3950.79900356
-3950.50227599218
-3951.227190579
-3952.4659008876
-3952.10195924551
-3950.94510974403
-3950.94447480269
-3950.54511767409
-3951.23112882675
-3951.9023825367
-3952.53214634747
-3951.58296675274
-3950.23874577524
-3950.82538216433
-3952.29717346807
-3952.66421629975
-3951.84711897328
-3950.79063907582
-3950.55737508979
-3951.66369491575
-3951.95966587276
-3951.79501885788
-3951.3399802695
-3951.03435718922
-3951.14045203039
-3951.06401425623
-3952.87340106397
-3951.92706114802
-3951.59660140167
-3950.95673988873
-3950.24269247951
-3951.12283364215
-3951.71204214648
-3951.22255819529
-3950.46144025585
-3951.00866754583
-3951.20614466727
-3951.35553806179
-3951.50355773791
-3950.96140737344
-3950.91235259362
-3951.63195723034
-3951.37694278975
-3951.10586437393
-3950.87292818819
-3951.18570272269
-3951.28907447366
-3951.99655711906
-3950.79410723905
-3950.77292392194
-3951.06535510141
-3951.20939964032
-3951.73543949963
-3950.77292822194
-3950.11394243726
-3951.13907866534
-3951.33600219015
-3951.85225474496
-3951.53916019759
-3950.820478413
-3951.18818503938
-3950.74490590101
-3952.19820944035
-3951.70828324375
-3950.81931501282
-3951.08810625159
-3950.93118791778
-3950.49910787022
-3951.40900766808
-3951.43085294587
-3951.38125292735
-3950.71523242643
-3950.42774907549
-3951.45979773638
-3952.02646801467
-3951.73502758397
-3950.72646086995
-3951.24603305111
-3950.18185562314
-3951.83792121339
-3952.16996176383
-3951.24383190335
-3951.38358574712
-3951.59336998665
-3951.46599050641
-3950.99425302156
-3950.66506791749
-3951.34744303862
-3951.02135914344
-3950.64335285276
-3951.35615456608
-3952.02661660187
-3950.87925364643
-3950.31624955888
-3950.60522542415
-3951.55281564955
-3952.22703817312
-3951.26828711931
-3949.9535632887
-3950.37257268057
-3951.50704134955
-3951.42014563867
-3950.70453788802
-3950.65249496418
-3950.84646561963
-3950.97012722234
-3951.41980420297
-3951.52950535968
-3951.18846801941
-3952.0524647472
-3951.45714351954
-3950.88257783015
-3951.00500068076
-3951.13676246875
-3951.04676459931
-3950.92438146228
-3950.90156501718
-3950.36029591575
-3949.98149108921
-3951.25754841495
-3951.65254554384
-3950.70364510393
-3951.25531028076
-3952.13715672248
-3951.23605613359
-3950.84170204043
-3950.63058684153
-3951.32389587518
-3951.74983610248
-3951.25804023493
-3951.17669361427
-3950.81593813243
-3951.19780732582
-3950.80112547196
-3950.98885637044
-3950.94780788053
-3951.33400700367
-3951.92538938875
-3950.86725753723
-3950.77579028711
-3951.81207993048
-3951.63648228071
-3951.55311593341
-3951.05631568826
-3950.84649074407
-3951.02419442974
-3951.01879594409
-3950.43528696716
-3950.73618075808
-3951.11722961517
-3951.34424601281
-3950.859848702
-3950.97101204058
-3951.01842993409
-3950.27689579329
-3951.36881475715
-3951.74037018569
-3951.35538821816
-3950.76295851394
-3951.06976279376
-3951.95108835606
-3951.48397479016
-3950.68133729707
-3950.41655042262
-3951.12254031123
-3950.99238367323
-3950.93132090381
-3950.90837090945
-3951.23853690186
-3951.30175585244
-3950.68676885069
-3950.49350293359
-3951.10563950761
-3951.49525826863
-3951.25996104135
-3950.88657146018
-3950.85034436618
-3951.04232304422
-3951.80071312467
-3951.34337126876
-3950.97747115777
-3950.92539036234
-3950.24587884993
-3951.11395910234
-3951.80137447843
-3950.90592558238
-3950.38548432727
-3950.93464913781
-3951.60779454869
-3952.11612884803
-3950.60632147091
-3951.02695547377
-3951.11286209875
-3951.56212100897
-3950.31318625603
-3951.3533520178
-3952.08159800565
-3950.5733903604
-3951.24096836277
-3951.23923226216
-3951.3012633146
-3951.36499256674
-3950.67468455014
-3950.26645342238
-3951.00658714568
-3952.4284415944
-3951.54408799515
-3949.55755711381
-3951.35277458131
-3951.94864491535
-3951.83652676649
-3951.03592150677
-3950.4620180195
-3951.36607459496
-3952.15608052217
-3952.1166754972
-3950.62877459613
-3950.82639865949
-3951.1250124025
-3951.97296512976
-3952.60945803574
-3951.41237395682
-3951.59905354059
-3951.29632282828
-3951.11668538112
-3951.47877566265
-3952.27993424962
-3951.2234689426
-3951.02580744306
-3951.56601772485
-3951.86837957966
-3951.81642346373
-3951.22050549566
-3951.47978233158
-3951.78433157862
-3951.74189378839
-3951.5746200682
-3951.30807339225
-3951.79703603208
-3951.25210011254
-3950.44120276917
-3951.13558043954
-3951.29170590978
-3951.7256859512
-3951.54638658389
-3951.25016514592
-3951.7464536213
-3951.55324819603
-3950.63605637932
-3950.6928281092
-3951.40883485481
-3951.30053625895
-3951.15925396301
-3950.86410843433
-3951.23639824528
-3950.7386294777
-3950.87073715886
-3951.30601577355
-3951.81997401148
-3951.01971935058
-3950.16368808644
-3950.63824764438
-3951.31436566351
-3951.19325419826
-3950.67592566708
-3951.03482504042
-3951.27645660843
-3951.0699507705
-3951.2570835725
-3950.92227826297
-3952.05962013818
-3951.31624229599
-3950.54203047248
-3950.6987965199
-3951.65858840802
-3950.88583627591
-3951.09349251101
-3950.70733509605
-3950.70441176521
-3951.02661671231
-3951.12452996863
-3950.55732985875
-3951.12123038855
-3950.59285036654
-3951.76654514101
-3952.03519096796
-3950.95852281973
-3950.37035718326
-3951.96955499924
-3951.37090299235
-3950.96633162244
-3951.95273649094
-3951.01742387834
-3950.1189538885
-3951.07835326495
-3951.14809501054
-3951.88245695304
-3951.10704250366
-3951.18680981859
-3951.40598451083
-3950.57552722396
-3951.64833039329
-3951.58761670102
-3951.15064328984
-3951.68615909014
-3951.31647512684
-3950.5360199838
-3951.16125549524
-3951.90163430998
-3950.9659880404
-3951.29536698347
-3951.01313553392
-3950.03863029742
-3951.26418993837
-3951.86955321159
-3951.51585702543
-3950.73276195168
-3950.72985205197
-3951.67388019682
-3951.10476242447
-3950.8005001144
-3949.89228474332
-3951.21201894214
-3952.27017405753
-3950.9120575057
-3950.61933849811
-3951.59421768794
-3950.96607124861
-3950.17097859623
-3951.79319170783
-3951.71820418485
-3950.88124372349
-3950.74874986489
-3951.07844821111
-3951.56378177326
-3951.0925801055
-3950.83118289755
-3951.38303477081
-3951.81831708524
-3950.78703892243
-3949.97792085751
-3950.71908578792
-3950.95560838173
-3951.62307851743
-3951.59803773819
-3950.96356244937
-3951.28500191887
-3951.80446697876
-3951.14963055832
-3951.11414388127
-3951.68881476804
-3950.91566666699
-3950.78150004851
-3951.50543841532
-3950.978062291
-3950.84622618614
-3950.83830464965
-3951.78296147665
-3951.32357149088
-3951.31308348498
-3951.16069114172
-3951.64187671849
-3951.89269153615
-3950.91336686556
-3950.71637873283
-3951.09126657468
-3950.78654484504
-3950.48102910628
-3951.73983117506
-3952.28254822145
-3951.4204675696
-3951.05431372353
-3950.65728924541
-3950.81147449311
-3950.80454758099
-3950.58387523784
-3951.17142097128
-3952.00282188412
-3951.45594750001
-3950.76725547066
-3951.24218920953
-3950.66480723528
-3950.95424880119
-3951.53421178292
-3950.82283290414
-3951.38543924844
-3951.19964464951
-3951.35635917376
-3950.70540683307
-3950.50254039868
-3951.15055531191
-3951.64553139327
-3951.0745136051
-3950.48981411277
-3951.92083274914
-3950.99799097256
-3950.997016942
-3950.9888824116
-3951.38931657922
-3951.0809903459
-3951.17909951189
-3950.83768878959
-3950.51921588307
-3951.22198413734
-3951.31839552629
-3951.10023737058
-3950.9160429393
-3950.88844128123
-3951.25656108188
-3950.94162030625
-3950.62998847168
-3951.37850817782
-3951.62300368659
-3951.52192772311
-3951.4377774606
-3950.16009187297
-3950.45496091487
-3951.10212825984
-3951.18008634691
-3950.94000952562
-3950.78919709718
-3951.53395668311
-3951.20884212426
-3950.65508969488
-3950.84332949488
-3950.79516058701
-3951.04124465912
-3950.94855134495
-3951.28066783807
-3950.64893337611
-3950.58100806944
-3951.58581166991
-3951.33302031191
-3950.99165878864
-3950.6951678042
-3950.12194978399
-3951.02880271711
-3952.20868183282
-3951.64360218692
-3950.76874927982
-3950.93312559206
-3951.58845108685
-3951.38788697268
-3950.25381054022
-3950.67588814125
-3951.40665924991
-3951.55951183783
-3951.99826551602
-3951.41255283068
-3951.24354238323
-3950.94826913223
-3950.97263845588
-3951.80154670854
-3951.22346811572
-3950.63132264865
-3951.85692411275
-3951.93865208127
-3951.11706991801
-3950.47245761944
-3949.96618180404
-3951.8350387176
-3952.37051740814
-3952.01580001178
-3950.46185681174
-3950.05266262055
-3951.41800926235
-3951.59667431705
-3950.8090948315
-3951.56441677765
-3952.00736498827
-3951.42294888243
-3950.09414181038
-3950.91403578503
-3952.04231530882
-3951.27939163437
-3950.78993622411
-3951.56994654448
-3951.27923648813
-3951.02922551668
-3951.1346034023
-3951.0343619319
-3951.02180002016
-3951.24477498505
-3951.63793764423
-3951.47153143218
-3950.41708892132
-3950.85164266515
-3950.96674288559
-3951.48501685953
-3950.66014616637
-3950.51030817104
-3951.46264821174
-3952.04283760816
-3951.62401602607
-3951.06941217384
-3950.83785410761
-3951.10954548771
-3950.65242219641
-3951.60515448945
-3951.67357048797
-3951.02768202249
-3951.15160716105
-3951.4398989939
-3951.11410684874
-3950.26553179134
-3951.39783212935
-3951.33324722913
-3951.14827100356
-3950.82712141968
-3950.46073185755
-3951.66873604587
-3951.66368319824
-3950.93238724461
-3952.1078853348
-3950.94139421658
-3951.49584163807
-3951.70054496024
-3951.24799960481
-3950.99695458762
-3951.23369391855
-3951.89371563766
-3951.02885489858
-3950.64846434402
-3950.97017889757
-3951.46905136304
-3951.2433221753
-3951.71350617368
-3951.30269809449
-3950.79791481246
-3951.47733981362
-3951.50008002901
-3950.58683957613
-3951.03894326949
-3951.35210638188
-3951.62858931989
-3951.69085243426
-3951.00716709309
-3951.28391518673
-3951.28112383992
-3951.87208883033
-3951.7021351865
-3951.66892455325
-3951.11374780975
-3951.03564681744
-3951.4217375458
-3951.18469785584
-3951.18492025229
-3951.45068428104
-3951.26936714753
-3951.31812789532
-3951.23747063984
-3951.49464603492
-3951.5218572439
-3951.08417780882
-3950.51693754689
-3951.35299840388
-3951.00076516452
-3950.87669186184
-3951.30888994623
-3950.9259776505
-3950.84306253759
-3950.98416827034
-3950.72030465122
-3951.02063138406
-3951.6735438102
-3951.28121415814
-3950.18081953298
-3949.82258453405
-3951.59388205056
-3952.342987273
-3951.16995309372
-3951.37489586118
-3951.87897193886
-3950.70925235901
-3950.48059972377
-3950.75155413672
-3951.55796592447
-3952.3971416338
-3951.28937090883
-3951.2499457475
-3951.34655634161
-3950.6418440483
-3951.24391511244
-3951.99060583436
-3951.16357828457
-3951.17340837484
-3951.69882103668
-3951.48358462166
-3950.01378865726
-3950.60141126781
-3951.40596782868
-3951.21969492026
-3951.42862649616
-3951.2151010092
-3950.00522690857
-3950.8745472869
-3951.86637814819
-3951.62977582453
-3950.43009818011
-3950.74586694741
-3951.97547457316
-3952.47802408526
-3951.85790166967
-3951.45787455339
-3950.86315405936
-3950.66407146167
-3951.1333704787
-3951.35518724381
-3950.81089395279
-3951.3647088085
-3952.1941374284
-3952.46055975281
-3950.92166028277
-3950.75470957057
-3951.1739423623
-3951.60056013533
-3951.2319472257
-3950.37521778285
-3950.49766128165
-3951.15085631975
-3951.84015770278
-3951.13575172972
-3951.37260895254
-3951.10369833959
-3950.61564866357
-3950.98424974465
-3951.93004031291
-3952.05344192432
-3951.35454986342
-3950.70018425008
-3951.13650979997
-3951.09031643541
-3951.82272346049
-3952.00463437847
-3951.26494496466
-3951.13191120125
-3951.21557445725
-3950.55896698457
-3950.90186301923
-3951.58608502147
-3952.08615702568
-3952.09910028473
-3950.95075058789
-3950.95876610886
-3951.59264192569
-3951.49848018077
-3951.84305737565
-3952.50637842215
-3951.26663901014
-3950.80879220825
-3951.47140117893
-3952.41349664554
-3952.90768260704
-3952.05989599611
-3950.78678200336
-3950.39543844042
-3951.39937246511
-3951.74486867354
-3951.53383348975
-3951.32685568827
-3951.11395601825
-3951.03822373942
-3951.15281015234
-3951.5729299309
-3951.87726781741
-3950.44917284273
-3951.78768312641
-3951.40198375727
-3951.18584430158
-3952.3386211646
-3952.18212784232
-3951.4726651892
-3950.98855308958
-3950.38956942223
-3951.36049319327
-3951.37915511308
-3952.57204139741
-3951.28628530707
-3951.41737652381
-3951.22472862584
-3951.75013212446
-3951.58644861538
-3951.22392678379
-3951.62769630998
-3951.4673821935
-3951.25347327701
-3951.73005850802
-3951.92204710273
-3951.20897271575
-3951.33357352709
-3951.02018427318
-3950.8939935056
-3951.15452182789
-3951.47078536608
-3951.71362188957
-3951.26974724584
-3949.93435410022
-3950.43748211711
-3952.00380218338
-3951.71191808746
-3950.97514614522
-3951.81554312048
-3951.8776234483
-3951.0716405069
-3951.17752020174
-3951.13412498281
-3951.69586891433
-3951.38518772607
-3950.96787176042
-3950.83802699579
-3952.16192569498
