# Fix print output for fix ke
788.243392008381
788.181091480425
789.665617390856
787.559519961166
782.580840632226
779.691351030193
778.801886651109
772.129102393063
761.205500321326
758.956976002578
771.661882413287
787.19252670333
792.187176059515
786.453711487926
791.251594680781
807.523958021574
816.137651878902
815.927955828478
813.389267007368
813.135605821469
812.78409153105
810.713048239624
810.025347609685
806.588826153433
799.470229185813
794.37299725214
793.234756592105
784.58120301721
772.126850786756
769.154904220214
779.352824265815
796.572270697417
809.638614372779
810.276872604117
795.482695086414
778.418987896509
775.225411277031
782.172665207092
788.0783619562
793.355791566636
794.138739092699
788.189044540283
782.262185311717
783.796344908275
786.863379483068
786.281624860368
788.40718865487
788.688549802167
786.471567814833
785.837805400777
788.700841542127
796.381305952697
803.077840073179
795.77126874032
782.278400655436
775.441795694639
778.031591329818
784.899795956859
784.969980898621
774.03603478019
766.496117822963
773.008838627176
791.790774284486
809.657915510462
816.845053684584
818.920708855063
819.153895399635
809.630438680075
792.576473607538
777.652106932579
770.176881493377
773.053403831862
783.423668096213
791.403981189225
792.938187351173
793.373441285975
797.622968190156
800.430312350105
799.769645021381
798.548387350146
794.600289896324
784.790532136486
776.333929418678
773.408846773205
776.349412682052
780.851130108777
779.083667379766
771.276483381934
773.380652223377
787.410833337903
796.193390670548
798.053722543874
797.951741696889
795.286976278029
787.821500026201
775.340525478319
769.337188638234
770.079774720915
769.830411067841
767.725544477835
768.247564849627
769.878534536076
768.72412863552
771.543324555228
785.651976265424
800.939171767567
809.524042794546
816.861982118805
821.491675550577
812.872615160842
799.581600034717
799.806156674876
809.366931420573
820.980864843598
830.006638249499
828.617187730627
815.703571819315
801.646064535864
791.614581459769
779.429439830272
774.543888612678
784.589478060974
788.784155151928
782.316931852437
780.382374991023
786.614367238398
799.530100151422
812.17380575233
806.033148980023
789.529708798692
788.846670207845
797.110168137497
802.929051620333
807.961066160505
806.543920086328
797.949956814266
790.682130332075
787.859708352833
785.931675865567
783.956367019313
783.46076761344
785.142211498756
792.02346969994
803.405041908692
817.503287966469
822.001108194725
808.860400608954
790.021668321033
779.262794503059
774.256208946637
770.389790892242
770.440395129422
775.375084874827
779.305766784338
776.906638524535
776.081647193674
776.727655046223
773.977586813655
770.336795535981
769.298652896856
764.843564978192
758.215443543921
759.576128025215
764.333251512396
768.142355940245
774.672127294355
782.174752769627
781.448449873245
772.218108333491
762.74971847789
757.803747440419
754.252814602974
757.205252464117
766.749111281196
774.472482244582
782.071643376191
790.75913734442
790.90620058612
783.58310017821
781.951985434362
787.446301546588
794.174736974492
795.691513774795
793.627108239505
796.003556200246
797.089679552439
794.368573288649
790.068369316714
789.920154882541
793.569002283651
793.909615765645
788.740712405124
780.515414309059
770.321142408887
763.001239579301
764.043359206439
769.410814286358
775.915753180128
781.036367896517
779.762163070763
775.555740427225
777.556162262809
784.421009777051
788.943464139368
788.720590169468
782.155770185962
770.344459136023
759.704814076131
760.061930975271
773.267222889695
786.730494490519
793.149958223253
795.187348845274
795.31426511744
795.315180949883
792.349642655715
788.508300594233
790.977280219683
793.485942483157
788.79229898106
784.973969345673
786.294675817789
792.737563046133
797.049404323033
789.798975853624
777.60548379035
767.656458200734
759.804395005318
764.210880300061
784.869082135814
799.459917360637
797.961711204584
788.916021878373
779.376805171076
775.181535522535
776.392624945042
778.05470328433
782.387805692713
791.027466669074
801.712814666251
807.290095461807
800.729526989866
786.902655677968
777.454583773427
777.137608827429
783.98643839775
796.321387574986
804.431195959306
800.340968147883
791.270238951912
788.657818551853
787.161478975512
777.683990259593
766.292098183095
758.815115537324
756.189531665321
756.957010930807
760.011155917349
761.456640569435
759.426131554634
761.438359512325
775.500251228149
794.738838140707
800.078735603772
786.109031484093
774.064088896574
778.050393746525
787.316553702806
797.362099800088
810.165015201859
818.772756929593
815.100920393447
799.451887001232
781.392772498364
772.723648525483
777.991569281766
789.523459357801
796.278505114685
789.582676057818
778.975002058967
776.72177015007
785.472393638166
798.312491612783
798.66563326423
787.733311736487
779.21539435593
772.850403897701
769.611590068506
770.558626843434
772.01532682731
771.530825988267
776.375065568956
787.336115598998
796.617035785738
801.335588782534
802.530431387167
796.672039529945
785.598388915258
781.382424435261
783.476728791207
773.649434172107
761.703976382236
768.467288172562
785.016648575468
794.129137792952
796.601488291576
800.827656825412
805.828786131464
810.655324888569
808.8613448016
795.918335403195
779.984733132333
767.892428314427
760.925942066953
763.998146207394
776.758906780685
783.03627615809
780.689524541858
777.685338024733
772.842204089815
767.034665607999
765.403387987233
771.130143915395
779.814559339395
782.158220216801
777.209803396113
773.440720907169
773.761020975133
768.352889223318
758.770789201307
758.019608426311
762.999825984835
767.680640049854
771.671380118616
775.908005140676
778.534363144601
778.230622243752
773.592444720756
767.999900606444
770.185402519646
779.467308228237
784.800007980099
786.915028412996
793.220925875683
797.739909306738
796.258410706276
799.072670117328
808.056825990747
812.876978506822
810.517424753585
812.641771963558
817.074927917434
812.899599599416
802.094936921898
789.95966723713
782.220889703438
778.678381209023
779.113499945504
778.81617363492
772.442159242391
770.381281178728
781.355006437865
792.573188130531
786.195000615167
780.632448541634
795.04260253415
805.990469871692
807.358679456954
805.474211266705
799.635114435303
791.194770723077
794.21603852599
805.758363734953
808.360548126357
808.845875035499
816.378943562996
813.255714116214
799.448175915233
791.124173948247
800.277281028065
824.345919662972
842.834348423847
840.183514190435
822.572240409206
808.976577045663
805.768855313001
802.164348271381
795.132980978558
790.237947366547
789.303810926661
788.820121325981
782.675596392402
778.833600207408
781.557355403347
786.138099649217
786.917227188494
788.04784421792
792.158022454802
798.807206433898
804.284475831438
797.352144621429
785.076598028892
786.402849692262
799.963462192866
814.935342601825
822.564515659465
817.226588504696
802.854904088745
791.316614639256
795.888178732033
807.102935745125
808.530105850378
798.756942622924
789.440490939898
787.310564986161
783.597181290113
779.215023795895
781.792825411562
787.769749024207
789.939780808397
787.644201949546
783.33117201735
782.019796937692
779.733131303919
775.189555817178
774.132973160268
773.027926135107
768.11368710789
773.602557299691
788.264152634664
794.803531736763
792.072320720655
788.167930153704
786.646873377847
790.560520729749
792.691005915292
782.435236080101
766.503466215144
758.146479621622
757.537160515744
761.2946076093
770.621770260197
781.663371888562
782.100297544293
775.786406697012
771.3684492327
770.662648074408
774.189711965876
780.94863302854
789.8240773079
792.783844148642
791.198034702299
791.934509030311
795.561073617978
799.449487573461
801.567212806183
796.338044293674
788.596482586232
782.302478344105
783.188680718186
787.537223906948
789.972492526264
787.554618822856
779.758547096858
774.021352247253
778.691984090915
788.822453228402
795.863112881584
792.486441058538
778.623657195725
767.739638093511
766.220016823855
769.939767052004
771.49540311727
770.117906840385
767.758690556645
767.623624439175
768.754979410941
767.051850214799
763.244113001175
765.471785978422
775.163179429591
785.551915914966
790.308271143718
791.093294626677
789.224106445445
781.83342690354
775.494085329488
775.755170295612
780.09217352372
784.365395349854
787.557448515892
785.939167173231
788.685233273602
798.668265275717
801.408268028916
794.554073103192
784.502231595825
776.458530814327
772.453429853943
769.764391433371
768.510556036542
766.59533688963
764.328837412659
762.835675813023
761.17670354978
763.215019358917
769.017965960256
773.631080546593
776.331401626
778.850067367679
785.013064105477
792.298916220652
795.356420842453
796.86493368378
800.477320657527
799.101068425247
795.425535390806
794.634183425932
794.609945156732
796.318150743724
798.563995792763
792.967725061154
784.002750222904
781.577903100519
782.937767056513
778.449379843224
771.72772548959
772.930467386316
781.519402100566
790.021869702155
791.081676080077
787.769611489228
786.083895717553
785.273439467828
790.256520288296
793.270400591718
787.221926140799
784.083140111047
788.021572569041
789.640811890961
790.924095748867
800.691115800668
810.679385430028
812.553684466388
808.623747262103
799.155384970995
786.606365885681
781.099327948659
786.81716906622
793.680309997053
789.418277309886
777.28364253891
768.789451015126
765.216371462439
764.627923128399
760.670216554552
750.267633424583
748.680327774913
765.40232547321
783.453803216086
788.515273148864
783.067179740841
775.263747150023
765.125200495717
763.251136912993
777.617040333826
789.253620520246
784.693143611527
776.90739659385
775.066830466089
771.630397899869
772.010070440753
783.843143775316
793.044948837873
794.401587408282
793.915205942826
794.486730846555
792.705051431785
788.454739419179
791.094445583622
803.935908559753
808.498993897482
800.031723288123
791.944232777259
785.904854012696
782.156468250588
787.078261034883
794.33694004167
798.513082855033
800.534011485123
799.665409947626
796.003594295452
790.77878357478
786.959674512847
780.084488844817
769.551191539917
765.854606168834
774.924072868619
789.020574593423
792.801820076158
788.200411753289
782.472995106634
776.339427366202
784.585324962531
804.470582210925
813.32843345889
803.203707952427
784.492908531935
773.12038273557
770.510397905016
767.745920092447
769.744126314135
781.126412010698
789.844603243707
790.138340751751
785.188757763716
779.389188573771
775.680775272658
772.92642186875
775.423004355832
778.072653732293
777.513959917868
779.136611923415
784.304076312995
786.062629730105
786.614050234896
795.252686492691
801.767759870647
790.714153794779
772.277909346426
761.188011993771
763.20874305637
775.512649099335
787.338992034412
791.218480498441
793.05907051653
795.951021116685
796.956840701822
797.207716893285
793.186832828383
782.995609880057
776.6448289972
781.003571698813
790.35686079262
797.987071391775
805.735177419368
809.19814447939
803.603738744652
798.879305228376
797.76184580711
792.249446022678
785.738053844342
786.087006200252
793.311025813922
800.613790491421
800.265228556874
788.658467955579
775.87480841731
772.857649226967
779.922124620662
791.211655639337
799.488076724494
802.730122066313
798.879425786536
795.973978798198
802.912424234975
808.238339941278
806.679658777034
807.547673607054
809.971751654004
808.267932675205
800.633862968485
787.183372221982
776.20427487234
768.586907058379
758.884913224207
749.220318087793
747.658020819234
754.890813899866
763.74847792807
763.93734535278
753.621251029159
743.565796269002
745.276376319303
758.938785671216
767.883505506558
760.388988743874
747.197359886448
741.515893407633
746.713399812512
757.81054444391
768.564353650082
772.525673595328
770.096669204704
767.709067388848
768.632867291546
774.341137333318
786.034184556586
798.893162612357
806.499598775886
807.111829762092
798.070449578483
786.157297051305
781.973373125236
782.705050052067
779.834334592
774.042197598758
770.240629977223
772.909516139808
776.618933558311
775.218339441387
769.56624525272
762.239980530875
759.299553782417
761.974415928342
769.855761562515
779.402580363536
791.28684287767
801.572007113747
806.437283098638
804.751289045481
796.431615360984
779.734512467433
760.042409253346
757.923380841735
768.995300519233
776.631800593258
784.253395398102
795.729678845925
806.770295818268
810.604547259968
807.454140669461
802.980020414834
797.135599733094
782.032570724229
763.303453586443
760.709770975456
776.204504659687
796.646114812169
805.703792677822
800.076928968838
793.463309000449
791.199739001562
795.085444587917
797.960709802705
793.901488532587
784.974702191155
781.816065837743
782.649491125773
777.517602990557
774.182877375521
772.960921217634
765.461049844721
756.948876821947
758.555218034477
764.270117512327
768.584005911539
773.759321425001
779.943927642861
783.154008118357
777.929336285348
772.773582584125
773.694642570139
781.073228302642
795.136485536916
803.923827687932
797.607882616741
791.384554372366
794.005332375969
799.003696363567
808.559089842284
817.391487207805
821.65030173856
821.940763624009
815.331425787988
805.10767914054
798.59520370583
797.284492468496
796.586195802917
789.518574428546
780.33249925615
785.949462262264
803.190689404979
811.490796351807
805.988355832145
794.865274736024
784.1601688235
780.791392978532
788.557112081248
802.635219181157
814.324686038439
814.928945504515
806.927177039636
795.561253203538
792.286642087907
794.101574032822
794.854499617673
789.813660884146
776.121326277064
762.458558346792
762.739475910519
778.188246461118
799.708983365077
807.812221331484
802.447513307057
797.420724222045
792.593286797839
783.439566372471
778.588940535282
779.312281995235
779.405606576117
780.72306596091
789.733825956531
802.931306269792
810.985583896566
813.418526714498
810.088026451734
801.509743618985
793.321420880382
791.715269222034
793.704609829602
789.490586491522
779.750045575215
775.133233863102
787.222720449265
808.003588725611
819.487702954664
822.445987474033
820.257214891587
815.207238742335
814.738006921705
821.901757581727
826.347840768982
823.738601477244
815.089666453666
800.885101275217
790.549031827935
790.420579946771
794.508129284524
793.033617622403
783.72678669489
775.623114497354
772.950041927194
771.14720207182
768.792161369938
767.413184330483
774.278147124098
785.411220124112
790.187950378814
790.793162544137
794.181868749792
800.41037163764
806.907346185027
806.99044880016
801.573598311047
797.235566826246
797.639321513293
800.209278005099
798.827738614973
794.894653057672
795.381921280464
799.894804706352
805.71068328087
810.199773274891
813.636262149882
816.026591311253
815.883243456669
811.343371654507
805.597325621867
802.000461585273
794.458097453263
788.198123703273
792.38752526346
800.977711979869
804.808934177891
805.289466256167
800.921944027743
790.442719788632
776.820947694929
768.386334300137
773.432992030998
780.744267126886
786.089928766924
793.631368248004
796.697005342983
797.323924813676
801.018602574963
794.919191838252
775.576956667763
755.744242839838
751.522514121491
758.76432721603
767.681983739349
780.719876327121
791.936958577242
792.625351046104
785.700445418891
778.884994819564
780.303492155993
790.500970682557
798.076477279905
800.786732237049
804.592763451412
802.894425475852
787.488356965207
768.322008264566
763.995132371084
775.924810066318
791.71028211286
804.496316476173
812.566693151632
814.559312843801
811.418415518856
805.168934819224
800.72720165226
799.234768010968
798.450822448272
798.088628308763
796.151219406843
791.60641401399
786.843147886456
785.467562760025
790.395127943056
796.861210978493
799.122048888656
798.303001931512
796.942459075308
793.766691988556
792.574998432803
802.013994991167
808.398009049355
802.789220488359
795.536699229224
798.716852211941
808.552538430507
810.32030232276
797.952779510814
779.808862225044
768.166175731104
766.860249514718
771.928663765999
777.399717483235
778.052916096967
774.003396295083
768.500938826898
763.675580703309
760.284681393136
759.297202112855
762.573642435982
762.053689020042
757.778723289827
753.779080088266
750.033157743901
751.240646298821
759.914320525573
774.385354818632
788.25346379103
792.408430818072
786.148642107875
780.215351721864
777.621720364784
776.165105158834
779.178144544339
791.361060623938
800.169490872504
803.033674841394
810.777691910387
816.365216200746
809.22167081426
799.688671238953
793.473061470396
788.46454245594
783.416783459094
777.08196973755
772.714894558835
776.61029207767
776.997376911494
769.952529660897
772.05417471397
781.605270309585
786.143990779518
785.129062045996
781.680806521463
772.111494437979
759.840868045383
760.457744535836
774.140607633774
786.281330672837
787.004809834922
778.081437807876
770.871929891032
772.572459410468
779.275062661935
784.320764512255
786.735412557719
794.683007691455
807.559049930183
816.487412184774
821.548875323926
823.189307078899
815.424627524069
799.973664320382
785.575318322067
780.180423611065
783.829858334522
786.693470676295
782.410145215084
772.850626922147
759.876371367791
755.53349374008
765.406800731983
779.16196273317
785.716528984409
787.928841780941
788.909487878035
784.715484709685
780.299084791365
780.365766372107
782.774737783616
784.250337337415
783.786072424818
781.870212978853
778.643313445453
772.115506933735
771.368843418867
779.826371372156
784.735095352216
784.616103546585
786.824367304101
790.859190728016
794.048147889549
791.68476197272
780.975775884517
766.764187362706
768.100133318599
787.568970293606
803.874750478604
810.795552408969
812.524308547956
811.484756176582
813.351655036137
815.900406098071
822.340800860975
829.543842234061
827.052041500808
817.41063960643
808.318806919872
802.549889315849
795.83937809267
787.950369065238
779.515990243714
778.702960304017
788.81284078304
799.325375059784
802.02735151142
802.296624341283
803.265929086779
803.417335151665
802.923945573836
797.428717118214
786.175500511092
775.575378121218
772.358535609218
777.162082874826
783.800734430206
786.320268051581
780.788157677131
769.886861046095
760.403692307068
758.441724752819
762.762688782707
764.605693302484
761.931056781016
759.644715027264
758.885053430469
761.994214883297
773.297787926295
781.124357970661
778.862409278929
778.604389152152
783.571773070973
789.491687487179
790.725985007307
785.078283230738
779.604055958741
778.991353437915
780.401397801226
782.369905703206
787.012738285913
795.66526508599
808.558946748226
816.036974874575
816.273721332394
813.425975807438
805.897856128226
793.253940830878
785.912820668509
794.607265589964
802.982398065219
798.322104704346
794.134306646777
785.05344374276
771.692399503758
770.722695509197
782.745323641577
797.586109329722
806.740369802066
805.090912735935
795.433482402043
791.646341562789
792.154123617148
791.781382217883
791.350258440109
793.085015656311
795.016821882832
790.505891729772
782.330114267029
781.407740777724
789.828408275343
795.558377923934
792.51235302767
789.57246036485
795.866095530859
799.38778922238
793.105706260342
786.549133058289
785.933385233055
784.716285427627
781.764619737386
782.528784360528
788.317434862881
791.494652195864
782.571451973538
774.415274586548
780.146635170636
785.04290162851
784.468163320819
785.217219787503
783.710207853498
779.264485348708
781.463978519131
784.839763552576
782.772653690316
781.820336744419
785.357166256672
789.737152617899
794.490282172129
799.89103380054
804.719996662292
804.739359434382
797.92870253779
790.063130940101
788.307707376048
793.113770124252
795.622338663046
787.130290993749
774.54144945113
774.36876237347
784.609221107586
788.469534429257
782.185798318063
774.37420089429
766.590093051077
767.213424041279
777.742007834887
787.729241669514
788.725185060738
782.083290694526
770.7185576929
765.468555020066
779.557586126821
797.514101942808
798.883307538423
789.430857994697
781.885070569986
774.044904401899
772.814016475665
785.887716073417
792.691996687851
785.801607617089
783.21735737537
792.655196825561
803.981689399853
806.299034674387
797.311299941396
785.773242928301
779.31572899992
777.364422996659
779.185342504844
786.43796850542
792.127221828773
787.70328176735
777.638941846245
768.925074241952
771.14511549708
777.791213523483
783.490156421779
794.459361131517
804.15049326149
805.882776062692
804.83705534741
801.47940351952
796.16734704831
794.275014778642
796.607965154675
795.506056763905
784.025855011034
771.022569469717
765.830838682871
764.358923355278
763.39783146244
767.035665762856
773.109383936412
781.415352877536
792.358557323781
800.634885316408
802.90151467309
798.625715496305
792.903621546102
787.421049768933
789.645523019749
799.022551620507
803.42091416295
798.501737002282
791.564306865716
789.255062293298
788.836906348113
787.162129412495
787.776507175247
796.424220513861
807.178547344862
809.81560479126
806.187258347261
800.426596320597
792.272303138942
789.97454752474
792.889653729174
793.401523546218
791.436797428338
797.512905254706
811.985869549148
821.695534706049
820.357965375439
820.546673279236
829.171377828314
834.650496424691
825.801074892968
809.953239994587
803.447517403473
805.671327372124
803.805976156107
794.231490514565
784.225515589378
779.04049130472
781.143089574141
788.813201522149
792.119143516596
785.92848612148
776.711946207885
777.199577064555
787.623082557154
786.951668722554
778.502417073545
773.730413857747
773.873940623129
782.097752089042
794.570027668459
799.486159012789
791.318883526522
778.114765449665
771.527149578726
775.646658585173
782.8118373101
785.459649393027
792.499573593537
803.448595375703
807.228467662837
804.089976069927
803.145996682624
802.498421151805
792.811619211689
784.855128968517
794.425169302046
809.942974076689
819.534675540364
825.025507367522
824.501658491393
815.949571213649
804.888782860756
795.867107467705
789.875147622407
788.89918283557
792.13903786762
797.10125805217
800.386679344305
801.289961699694
798.459497168281
788.587971586509
777.885609899459
775.841118539447
777.336371850503
778.505249535011
782.750004977153
784.388616032662
780.781021932994
778.658792905542
786.858443465277
799.555906241747
803.099946174917
793.840851780778
778.673315634469
773.13482592212
780.336196225328
789.860945647252
801.522619264093
812.800473079823
816.736719756569
814.325077036887
808.450950695908
805.903916894557
809.27950530565
808.425623448106
797.420558577444
787.041158204237
793.23806718685
805.556953331594
803.693721081693
801.031977647075
805.185144445639
801.998474343688
795.290440552118
795.212551436735
796.139952308269
788.017312791978
776.848865930753
770.471541121944
768.604230592906
769.403008835055
769.315455916043
766.556499471603
762.863531118896
764.41127378946
765.182691471914
761.311964235413
763.981597495651
773.722659561105
781.282571528187
787.693075093173
793.95147996452
792.573671995189
777.111581594223
763.69114155981
771.178188944827
794.676898942195
813.059755455561
810.285740747319
792.573916141367
782.825137139962
785.661726996116
787.416169968597
783.999558389118
784.397987355507
789.303353701673
798.33751209117
812.459537806732
822.828974045236
820.398165557948
808.760853785329
802.635062751596
801.716409121306
798.508499200534
791.358254485513
787.591154175224
788.637744061483
788.189744533305
785.261034308532
780.425034041357
775.225811206961
773.412465224348
779.334597202602
786.166029712883
787.504853334118
788.723218328774
792.143455758536
796.968557205758
798.395670039483
793.914799990539
788.497987146517
791.573690935221
799.237436372174
798.929223661349
792.549049126246
789.060968914088
793.498640818727
798.550455975535
798.383746831594
793.301167709805
788.867731343441
793.397939646383
804.078904433647
811.342244916937
812.540256225848
804.024634369321
794.294262852369
794.32512909075
789.997596079357
772.570615699279
760.40415950734
764.210531353117
776.3415964645
788.521292378549
793.077663691007
785.982536713642
778.493429704939
782.003489785938
791.5443592392
790.798319334713
782.464573847196
779.260323771808
781.390897031523
785.983453477
793.036674956065
799.175754030329
799.525415499896
793.269710381841
782.947530702631
774.274351849267
771.307699361011
776.842959882439
790.225918233591
802.845540140985
805.204297594521
801.533768388436
802.834205223351
811.092612720509
816.917387062383
813.472191119282
804.706435824973
796.733862855996
794.532075305844
797.328498557318
797.435976856098
792.614199995381
783.897167727863
780.763881852807
790.407764517466
801.812985166738
807.808222275995
809.580632435282
799.717628596529
780.608837965544
763.010206163596
754.180891909747
756.689843916996
769.962741614502
784.29224651404
792.852548855934
797.889962652795
799.348158673762
800.92076634533
803.414012693397
799.053515837922
788.301634947722
780.870843266457
781.399308202668
781.508026101588
782.493941916215
786.601597795637
785.882624332226
787.973261480228
801.025690200521
811.747606370703
806.07690100298
794.065148531558
795.773594555051
803.80737664617
805.27748924872
804.011378855785
798.09052270455
791.257412669971
793.028815076047
803.415970011155
814.139930676053
822.1929546071
823.713163274657
814.141123524292
800.106221300346
794.348142669035
795.067226300888
797.932399906285
800.72538954662
797.421102804138
788.098900008468
780.079764660159
780.377309784367
783.898071006619
785.846471764403
787.057541988965
787.001410493052
784.890215859861
778.876927843279
776.488563764319
780.012892818076
781.203554189234
773.737186725428
766.734061987551
769.512085109815
774.74984136595
777.773318404874
779.584499111231
774.215378986769
771.366597087182
771.882309565181
771.059927489062
771.540162943627
770.992362507409
764.348300146972
759.337178251183
762.819324229181
770.627434761769
775.988448664057
775.033633355251
775.486902200773
781.815515299299
786.495672803645
788.300288958477
787.660230775851
789.465932319696
796.317226638958
799.894090390647
793.908598321955
782.137605743326
769.875073800502
762.91694572627
764.7468411566
772.890022120534
785.516607504179
790.293993961121
782.821424034032
779.740309214055
790.995112814626
805.951298124275
813.15111037075
809.577173880736
799.996937513029
796.392726011569
800.348944544292
800.695385461417
798.860171883378
797.74421870561
796.30089980112
790.124830647661
778.056479855271
771.592570523377
773.613343133955
776.990259639682
787.753941993632
803.123378205819
808.172260579398
801.468520789653
795.867992823389
796.852791600566
798.061569408644
796.763764841956
796.370720291975
799.886019152771
801.974561116652
800.247552937465
802.917094741584
802.214904429546
790.195932563968
775.682269419713
765.861251564707
767.806299076675
777.198436611524
785.895547303475
788.56616746114
782.277595039862
777.550115506468
782.335320415293
786.155930015871
787.216092883627
794.251566025196
803.893714003889
807.978003238311
808.099772101636
806.383460803855
799.922650937029
793.304770510447
787.820176635737
778.564748057967
771.129950129348
763.439131121575
758.946635714059
763.020463481449
767.922986929088
776.33951231654
795.263083914544
811.483908731103
813.863391489389
805.333378756288
787.685783783049
770.34617687196
770.232335681864
782.286800187834
785.812624936161
777.129950218472
773.224913462349
782.090778923949
794.428898303742
806.179148589594
812.882303353783
803.003675465622
785.597027266335
781.85480906457
792.961446285735
800.896931363927
794.605070500483
783.018378299476
779.535379059303
777.484259485335
774.340078019734
775.285720414054
780.157370256269
780.548509076028
778.085376469499
781.797606853487
786.605077174265
780.61630941486
766.792982340282
756.74798833588
758.048511936409
759.882572577495
752.934438801227
742.675386809381
738.018798471155
749.133640027085
777.169944134745
802.245347348704
808.012127336192
802.597313703834
797.99733058049
793.136435390724
789.370147199469
787.323305493126
787.916941073463
793.601153512744
800.379022293407
802.144644594817
797.97408812968
789.884219046797
783.0959537182
785.327321682932
790.758938475397
787.499916113195
778.311535129244
771.821981945597
775.059773184251
783.879818588939
787.616224625791
783.14885458718
778.901660670779
778.408319765493
772.750042599142
760.76750756428
755.709208269906
762.011292031037
766.939312211713
764.968651644493
766.330922366651
775.831726966298
786.203736122716
791.548288635064
785.421974342939
779.98543489477
786.373980695982
792.297585960046
783.615259378981
771.978685815868
770.843312622579
771.387482159488
764.202840836042
753.299829260074
748.710177313699
751.191534959277
757.775024329099
768.907977676737
780.431781712558
782.885668641925
779.281881392315
778.056728874563
781.993498306263
785.263072626472
788.529242948615
795.678953097959
801.654577318306
798.524273365623
786.610976945269
771.78577858116
761.952404799969
758.18512426216
755.818194126403
761.936318980624
777.800763442334
783.047748590913
773.133382285468
764.507797347723
767.082485486018
774.575257377174
780.426672627784
779.91362243834
774.665954322443
771.44414319847
766.827116834113
765.928206594465
773.059877092441
786.684571754304
803.581547880036
815.671471531162
818.783200091893
807.442615180403
791.124323139176
781.146531336507
776.265436110532
775.69292929041
778.974329254137
780.652544712245
774.593529704058
764.379668573077
755.068042246455
752.453190540445
761.133822824903
774.032862793831
777.954638901292
769.301007635667
759.360351844837
761.785739897897
774.008064536789
788.500257713639
800.557988082401
806.724760691013
804.780547097017
799.553117933858
802.096910833792
802.908109153668
797.528958401306
790.536047594492
783.292392810333
782.50909258259
788.816389066505
790.300755296256
789.325533548881
780.878452574618
770.288711634756
767.666350074101
772.299303056745
780.184793664489
785.966533825365
788.480191134272
792.105264884982
794.301226119229
791.518826545039
785.595103377821
783.29108466446
779.411974879214
769.233919212285
760.133530990894
755.221528297704
756.188041127689
761.725224458953
768.566401825651
774.896908843232
776.942145261793
772.740103890415
769.531119464417
765.69405736353
761.366588112762
764.151988395624
778.994782917055
799.347750694934
813.8122894954
812.888532030891
797.501633402753
783.377921525834
785.310735355577
791.220041919797
787.661218894896
777.40079181574
773.382777276063
777.673400846409
781.968873379676
785.075058505323
789.922328567119
791.212696521359
789.181208472159
783.50203073969
778.49666714532
778.854684485551
779.048754597191
776.142092153197
778.322414584726
776.11400088339
766.799990770271
763.14232904885
772.920759279573
784.277514208052
793.283338030538
795.88144999422
793.262792424976
790.707894356138
786.239022151265
777.233043585337
768.007368245229
767.880831229537
774.955939729729
781.367451589741
781.203014566403
776.130536922401
774.133174262
776.139462400938
781.732581708545
792.937132805933
803.569768928611
807.063978704503
803.946434449626
798.608176531775
793.190781907631
787.805519238702
779.26156882112
767.159124742367
759.106138637238
761.625667825189
762.320719058974
763.037479646553
767.423864393299
771.936697597276
775.26483632889
776.394472102675
778.81490805812
783.537818882436
785.55081973836
785.597738487318
786.131061573123
786.853584154128
789.668337313894
794.283912068042
790.269189298002
778.470215045683
765.848513005363
760.727033620426
765.522086324411
777.2356141678
781.95911611102
775.361806192643
770.240577729663
769.353178213953
766.332045230677
763.911328958473
769.789468952992
778.458905135623
780.422639631623
778.208176119577
782.479671042228
793.785440989257
804.361489007621
809.677238360689
805.449717256673
798.575829747657
797.407961829237
797.606223437023
796.128631604174
794.945719129196
795.78395931842
791.752609007649
786.671663845132
783.992569201073
778.44779389383
768.961507005876
760.175017753509
760.949892999966
775.139198280151
795.237076182732
810.911311095751
812.907148299971
807.312956665538
801.840840254717
794.914667255999
783.677825185957
778.438634189765
781.56817867725
781.81592499279
773.079856370989
760.480549144895
755.217370212738
759.15885670111
761.888927223801
763.661679419499
768.946090823074
777.427658836734
787.437723273541
801.346372292173
816.914659464879
817.770578438817
802.490369674396
793.945382856328
793.365074545888
789.606605670053
789.02008458481
796.336153228861
801.059833105537
804.489012339633
804.096256706567
801.49288682094
798.186909115791
794.686680679987
792.500510323013
795.721940417203
803.845420063963
809.71326980526
814.825780270649
816.587917206068
814.691770792948
810.27576437245
800.061750559094
788.785936518046
780.811924934668
777.486431800739
784.616231193641
795.546453763588
803.506956329171
810.567975245222
809.929000675431
806.106960778432
813.227554412988
826.603788268843
833.234021224744
825.48504660005
809.951598839971
796.177435778805
779.653318299869
758.244202832187
746.373098243704
747.517500338386
758.511347143647
770.249764252311
781.568926487245
799.064301967861
819.108430951912
833.218487039438
834.905203728013
828.70012079736
825.769958920322
821.547492611562
807.505581588013
796.887848189642
790.219711903257
779.573726121431
772.514571390425
781.198997899808
802.624839019823
818.620254265416
828.993174541099
835.823906655115
834.56839557036
828.616151460942
821.135819116646
811.887671494581
800.974421331323
790.43302496033
786.965593268039
791.81127921724
797.31800999904
792.148791263839
777.606734870206
766.851253764457
763.067486966732
761.928567647564
768.48866104608
780.698845572968
789.411411480588
789.954299930741
786.205006229035
782.731419056294
785.294694250178
790.399202226083
789.116773936124
789.537877621276
799.475582920944
806.116534529742
801.285362930613
796.719956181885
794.151887021113
791.34182717662
785.243993381924
780.088356876253
783.442530591588
788.919283905604
790.787702253922
793.394620345563
794.664574322844
793.397508323956
781.890821239279
764.549829087451
752.658164229161
747.556680608683
751.417478119104
767.951904950075
791.847513480536
807.109849135044
810.348108334843
806.686164681739
803.899571166401
807.296966640823
808.737828324946
794.834823055638
770.002486264184
758.144408745515
764.143639549851
769.76195299551
768.571954098407
771.593410169838
780.776057770006
789.051975794223
795.273204703772
800.051029582455
798.742088485607
791.773998658367
785.175815069727
780.613167325411
775.226474994535
766.745936347659
761.903771376396
763.257163615657
764.92179935834
767.142662354444
770.102232772939
774.234594246307
780.061497906838
786.411408223304
794.222164245902
800.089741084259
795.536414001906
781.952431963298
772.014042939883
774.576456497861
783.250250447687
789.108285675109
796.725690233447
809.369641679282
815.690115341882
808.139535477936
798.248924522284
797.160331115987
801.662698954762
803.806640343887
804.601730398757
804.19926629759
795.140279190005
787.308631870728
784.730558936796
773.779127586894
761.548682713033
763.478434866861
770.793702489965
773.563793525222
776.94702745577
780.272694156103
777.75167342613
777.827698261962
788.407041015193
799.484747658161
801.601126084994
793.856103976763
785.802407830023
782.525827789259
782.352514237773
782.874504275743
779.960562611589
774.862826675799
778.763941209682
792.867710536576
801.732235162463
795.843301133328
785.489713231266
780.070577576192
778.853070218672
781.846199079477
784.525606923985
780.683796960774
775.16394685939
773.221576558251
776.969180607553
786.269152111351
788.403574664367
793.038481960884
803.135262310032
800.338654802712
785.979273474701
771.897540371527
761.530424746006
763.449255591532
777.050777777498
790.941006508213
788.341559069081
772.900392282385
766.091548563015
770.618887921779
778.291554071413
781.634975301202
783.830294421971
785.749580523692
781.539166860535
773.733686120059
772.129612420255
779.026819788714
781.457943792999
780.97202976242
787.507445400338
798.291001490741
800.783684986289
794.750313106369
788.062602660602
784.960187453832
791.763780963029
803.757804653666
810.061646687007
802.344919044159
786.673653433495
778.35859969439
781.718412737202
792.716855517549
798.154158486339
796.203319875301
795.254376275919
795.395477350138
790.961597528678
784.535892200567
781.520558191268
778.96496744558
773.387514281672
776.21673850109
788.028926285257
800.64913763709
806.636938511867
801.844418715545
794.422693691218
792.385516837049
792.60358805317
796.605362703592
803.439614932772
804.178684325394
801.516803665136
802.199399582859
799.420809645892
795.159455731159
798.142540218918
792.863107294609
781.890059183903
779.586336515907
780.374374993883
771.82850396893
763.18826485878
764.505491621326
767.158601882909
766.415969748828
765.259355092122
767.050151438215
775.275890195113
789.318572751923
803.079523021343
806.907421230212
794.7298501016
780.51756741657
777.960202403503
780.363690529935
774.450380380978
763.022995973047
760.062931687547
767.259476778424
772.26310498695
771.861424435449
776.160885669909
785.082947139336
788.786527701696
780.515717042814
765.84420173071
766.175899768006
785.152337572677
802.873980077709
812.541774114849
811.854293315641
792.179948225976
765.070463124809
749.824760917708
751.542748107029
767.335539925963
789.699525280312
802.151595442635
803.696964526965
804.160843009886
796.202206389991
778.477952328719
763.111311889963
759.770020066342
768.71725457562
787.210763423661
810.677505469182
826.779032091155
826.456211416205
816.581797304785
816.538290635686
826.563276699849
829.150132532896
821.132603456304
805.943012495801
793.815458400882
793.400924211291
796.257103886635
799.3748280714
803.041791562537
803.551765955151
802.264098653765
793.802899781452
784.308136793991
786.36668060908
797.495295567212
801.563704756115
793.388789719134
784.095719439179
779.009975186141
777.029311984665
778.439263934121
779.016218544806
777.722461301983
778.911247622298
791.356514501825
804.179599749197
808.307541765866
808.516069614201
813.092777725833
815.694456391982
803.507058080051
791.941189521826
795.166152326693
800.093005707482
796.5716855022
790.5370645983
785.388355068588
784.50205458362
787.448800474207
789.692984262136
793.710223064495
799.029084804205
806.366924179053
812.566967748741
817.260324266373
819.474739720624
816.115569428589
814.633828933173
815.732843412856
816.83029686596
814.969951818166
810.050282723496
801.533216474244
785.625639617264
769.864630250492
766.22600595824
772.953916136652
779.160931650591
779.908922284836
782.145836892052
787.567911975865
788.93459081504
777.729814742011
754.966014729865
738.189548280447
737.06589683744
748.357783167102
766.051729454766
783.2433291847
790.106826801118
779.679289752156
763.337198574576
759.892712596912
774.576870528699
790.226351111818
793.640197614017
787.791382918396
781.775746301213
784.810274923626
799.097029854005
813.133822776944
811.585708464455
799.648220916922
792.30347296889
794.651721809824
806.720694383533
819.469126740177
821.188164458333
806.860698104619
791.440844835076
792.972287932551
805.500372536006
807.697069780105
792.838684129818
772.336155729851
761.677283498945
764.158523249945
766.774195925052
763.563268840547
756.593426068834
752.441611274592
755.814157316732
767.856104332843
783.126049783176
788.21655977277
784.102624928997
773.058582950439
766.654053702637
771.381827893142
777.039425415772
773.868802557796
767.420381541722
767.177870846479
771.097067434159
775.423917563742
778.374651102039
779.242134449704
782.3139528981
787.266621285803
788.048596822375
786.23584510886
787.822244625048
793.844393153218
799.643903996119
799.989272534731
790.294159075859
782.949916531895
782.384946928501
783.494670336672
782.133535162814
774.869921076117
773.127668246253
784.930549966793
799.674344361941
810.077030130543
810.889302823733
806.339321085807
805.168737701514
807.736623580968
812.603491527259
807.531155087212
794.806635562987
784.398461742266
776.7496641298
773.972498814619
778.159427530198
780.532316523578
777.012970202402
769.48654448425
766.315276395998
770.444715066319
771.094188582919
761.252447246396
748.311149851793
744.494866093469
752.233365994699
774.924663069528
794.710178336773
803.236414690865
808.112836486409
808.263900683294
801.181885144441
789.982025801607
782.501419981576
780.524249898373
778.299076063393
778.630697537369
785.136188478552
788.558489821002
782.604266977219
780.465601738048
791.193827818117
808.77020097529
817.945109089133
809.258572218127
795.217061641594
793.136583881433
798.923116068113
798.408383862748
791.045606809687
785.433431787951
784.897481218353
788.572902015933
794.037397492378
796.986319792401
797.215191976934
797.850068625641
793.169926741815
785.738550501385
781.468716652371
777.836893442545
771.835125690975
763.624547345625
755.132668380099
748.680621284204
752.773937478122
769.527676796946
784.623127624307
793.037338015547
803.010512574691
809.248375986505
803.666569416967
795.177627237902
792.157167767834
795.934620024388
798.117662669838
793.496476032929
785.789796876436
777.979749687303
772.793183149013
768.718437988511
768.02672659712
770.762013251958
776.418376297049
780.203243738336
779.188857633599
784.995364824151
797.923421128073
805.155176338692
804.104120675952
796.749182885295
789.099814285694
784.755377500708
781.057019996896
778.68114511182
781.874002203717
787.544626142753
789.676472269076
786.186706069778
782.134446278806
778.585337536849
780.142650194279
792.38474221411
802.937192129424
804.230317036557
801.3393880504
802.044359746831
802.214551079514
792.367180491551
777.493524558596
769.488870372077
771.133828693665
774.829828801464
778.275127368862
781.696078069879
783.773511538712
780.667543213323
773.566751946808
771.349014642111
776.986241535067
783.43140860682
785.829325710802
787.063287248865
791.520693391677
800.43509599893
808.325529064563
806.911025075722
800.414047419802
794.241979512143
791.194334965281
795.747596999122
797.836775814809
789.105890759504
781.302170953324
782.893238868072
788.280237190916
786.775557535977
775.554004515992
768.855234386855
767.117779136051
765.22437387366
763.406005768436
770.955079356211
778.654473931642
778.485248289939
780.583401112009
781.492190299399
777.788750529789
769.520447865291
758.816527188116
755.59695790458
765.293885357725
776.331434159616
772.607132747896
767.649620526612
781.908860914045
798.763220917153
804.550405223393
801.026320407388
798.702851963827
804.354560123109
807.288208634059
797.205766037792
780.252791609192
773.934481744905
781.679119030945
796.898023587632
805.322475554486
801.195585793109
794.883271309025
789.107844837362
786.395170152997
790.269486775292
793.966887749582
790.068183891063
789.174788333165
795.328447117378
801.533807313761
802.251833826742
799.381760640135
799.051292247248
799.486274674387
796.359477714431
789.151443881417
780.722858941129
772.217736259798
760.672008478557
753.356607896493
758.127472658399
768.714603259194
779.183471508207
783.976823928079
784.67755583237
783.531644835572
775.149210251265
763.57835443372
760.249305159885
764.689658357266
768.789585723477
769.858303544926
769.4787449994
770.269966810916
771.463288848001
776.753498484905
784.456747887471
786.275746774169
777.365689293176
768.450719857865
770.515476159732
778.03729960636
781.371358787192
781.541246603028
784.902547031401
788.928536179963
790.966776695642
792.701705611346
796.108900955971
799.595417733854
791.90600543409
778.806343234283
771.562134626552
767.991929162228
760.038716260368
752.042249249669
746.035166657831
744.917639894918
748.680734745065
753.459701189676
759.939761734878
771.912279169917
786.730800878916
804.621902882448
814.252968308936
811.912220195444
811.776698304066
819.487411295298
820.710330975904
816.185353710637
809.628975284266
795.327884636075
785.372118079556
789.727326897416
800.565492873418
810.415251204922
812.2290724996
811.540852714421
809.546790070735
807.949505421037
811.612812259506
811.733022248111
807.203930146898
801.833332010753
792.591925780175
784.601856917845
785.838638237385
788.41140811552
784.711695193311
781.345096247663
778.493964610777
782.425361271686
800.179998056928
816.802331453426
821.010820530991
816.471674705102
814.206340289792
812.840791882552
801.955311413471
786.868645427538
779.000843224294
785.416038459167
790.816096544924
782.151361936213
774.421613901441
773.208003390727
768.664648835537
768.486854219162
778.714117354565
783.677179068554
781.322358067803
781.778347166564
787.991580858055
795.108595078908
798.067570165968
801.028157176166
805.58342254099
803.360471352343
789.548683942535
777.335194994089
777.212957801643
784.382615775321
792.279462362302
793.540525515041
789.129277742783
788.183385648459
788.066549447623
782.573621280806
777.168657961619
770.781374356649
758.746421265343
749.619813934112
745.962493065528
742.154340776814
742.28628956279
749.707649123558
761.725910305561
770.014950900464
776.773700766387
785.617721735712
795.592361719466
798.69116307499
792.481235227023
787.068703307092
786.460346113437
788.322565476689
797.272522983545
813.327525604913
820.176434716955
810.26717814125
791.870385922775
774.076469814723
763.015693053003
758.430524404838
761.421522050723
772.446765136751
782.159582699326
780.573641472959
773.976164434374
770.882757875942
769.854916773742
774.917780030901
782.084308450034
785.417646504268
788.514942748781
787.695144316775
782.968480814421
776.251172052705
775.143753022845
782.138890738213
788.273809614216
787.60551730851
788.544884636014
794.174624859791
792.699636995991
788.572223925852
786.354449297916
784.949269212946
780.693770401903
775.366028891353
769.55431107314
767.024500833099
770.468271572817
772.70183028471
771.261806811757
769.647426521002
771.141914642205
774.914129097605
777.031688624055
780.611078352644
788.442609857723
792.710342248778
788.693433571482
776.847332117557
762.479173249937
758.468965467751
763.385558828838
768.224120999015
771.057223153284
775.906250851982
781.772150531557
781.28923104305
777.792442882501
777.237462083764
779.152580154106
781.91808549848
783.459294017797
783.053664493392
780.133632395927
782.56740133185
789.880032206019
790.10995534418
783.591834115881
775.963521873622
774.737614442524
784.93256497278
794.543789334055
789.402206646586
776.098324098412
767.639524076768
763.998251692872
758.315945547919
754.260667057654
764.191276145912
783.273753013586
799.834945255281
807.596528729928
803.489325238312
793.768452062783
784.885003604679
781.856643920477
784.042959882393
783.283562730851
784.691863929654
791.589076477291
789.300736227902
775.181305917555
761.035696061667
759.633606174776
773.70506212338
783.0670870762
774.915937575367
756.576877287837
748.751424021805
757.505375614982
767.819303660924
775.332513175769
784.746420188388
788.164913065811
780.265602608234
772.113316408871
779.864126163862
795.148901969125
802.942198455294
808.228086922643
814.846412169323
815.613981286435
811.470525287655
805.889294183256
799.422832550623
794.060866961776
789.556591716956
782.054398294437
766.846294932374
748.734861992771
739.698725204533
739.248030588914
741.730840032948
744.471689410581
756.200561012186
777.378383137704
793.816511992888
796.311443480195
789.211260683824
782.649034849719
780.864264585642
783.490502608546
791.967311527962
796.248130238372
793.384266138343
789.868356266509
785.057693592028
775.87774759621
768.904016377405
770.875476361371
772.576939245074
770.568189862131
768.038354251033
771.778189789894
783.835292734849
791.972997442501
794.761742228388
797.951721451843
796.04439538836
795.246185471312
793.760363019996
787.907590144337
783.015524515425
782.364454890152
781.029521701658
773.616337886994
768.074098634986
770.539922968491
775.996952596366
779.452985403064
780.888900783372
777.626109856047
773.530186405753
773.527076435386
770.855602037912
765.577676010291
766.531266685671
771.315323042369
774.79425366467
773.320921518099
769.821632978368
772.300058940293
780.506207887236
790.463836165753
795.653348279239
794.905178444686
790.556777235079
788.522358459876
789.310186464774
788.826094165779
788.232746842431
787.426621708448
784.374947061087
781.070604632951
779.909371476888
780.879489944263
780.227119986504
775.647387814649
772.282833527882
774.904752372298
776.533127724161
777.743841086009
779.380027193163
777.892246099786
776.167668004325
776.045097908643
776.782177234444
779.929624501239
781.036997587455
772.898110153033
761.774719831453
763.382762684968
780.492098249904
792.534826694657
790.096336388101
784.509005689821
775.714659275205
761.216125717119
753.534007934574
758.82788996606
771.7649649047
779.549222602551
774.198892843033
766.865111815592
762.458316696867
761.573365452694
770.909595021426
782.282338288626
786.932235028602
790.620520625191
792.15840752266
784.36769190043
772.290240436582
771.416611098453
777.284883511728
778.324150032876
773.038276339608
760.458120841471
747.727976433772
749.778903962698
759.950278247047
763.847922162648
765.897099352923
779.466502650764
800.435906685525
811.916363640715
806.192996750439
789.704363286681
771.348121109291
760.244341068708
759.608507327166
763.923231517895
771.138843863113
787.112785085935
804.910436359512
809.704453751984
799.680666079891
790.620791858012
787.797869213394
784.142828584985
774.470867530047
763.998878377949
763.149776627709
771.717057352087
779.693269162333
780.118495772099
777.023584173168
771.637904671365
768.36379914777
772.838214989545
779.62621800876
777.589327402633
765.666751396327
754.86452104506
754.227981867843
761.358965871191
771.310228334047
774.381713790801
768.314706386649
761.684833002983
757.658743005859
756.749507747566
764.591019419561
777.623562489722
785.715873352238
782.001553716055
770.544634571199
766.236815020349
771.94676644331
782.094707652107
794.919967384067
802.412593304625
798.89999637986
799.192557785495
812.283307935209
827.590103743507
829.939544295115
813.498743399561
789.689279773963
776.914085191676
779.574944796964
785.396619863797
786.552581555196
783.664931027508
779.290941658486
776.534432133015
777.083361205292
779.02559491364
776.82856010681
773.552547408447
781.463634032073
792.740426691698
805.21968007565
816.971888786251
814.663185360309
799.241198631168
781.537822997199
770.822032568698
773.132063571888
780.005179331896
783.871865614283
777.287078587216
769.9840457303
767.542581555195
770.009752882797
773.080825137071
777.04603797401
784.656204462962
791.714112772512
798.385602954298
805.365667317243
805.956204548869
797.647991514267
786.951525117471
776.057261475721
768.994630376047
767.450695553211
767.452359409063
763.366782413521
752.731835756787
744.673455605012
753.660097181512
773.489220309255
785.836797723125
792.15587212936
799.505419518453
800.411023233422
793.709455863065
787.608953752328
784.701915094049
783.007858627746
777.673684675029
771.340214039182
770.903945079164
774.467183356651
