# Fix print output for fix pe
-4739.46612394324
-4739.46315658702
-4741.40109044442
-4739.24472181956
-4734.01536581094
-4731.03688159223
-4730.91317462271
-4724.10667633863
-4712.3471357321
-4709.39812636625
-4723.17132345949
-4739.44559746746
-4744.56316964854
-4737.45096923598
-4742.17946501534
-4759.56453527168
-4768.08006534248
-4767.49119667799
-4764.60343631851
-4764.59815005522
-4764.52684592522
-4761.88945798685
-4761.83304944353
-4758.23539337722
-4750.99447301528
-4745.36019111617
-4745.57844619628
-4736.40972353853
-4722.98383936363
-4719.93110872712
-4730.41937338276
-4748.48105998496
-4761.80887487019
-4762.91693571631
-4747.1498978023
-4728.9485136886
-4726.05463146153
-4734.11991906663
-4739.44641940737
-4745.12004069972
-4746.05449857548
-4739.76528727018
-4733.29559112403
-4735.45577100376
-4739.12046494637
-4737.5238846353
-4740.57173275848
-4740.42916083542
-4738.00651731906
-4737.19841393511
-4739.81831273181
-4747.6905918649
-4755.80832532911
-4747.63081064909
-4733.31702481864
-4726.27827057704
-4729.17659706075
-4736.7164377336
-4737.44340342277
-4725.24451229366
-4717.33714177409
-4723.85401133302
-4743.590821284
-4762.16590890284
-4768.77564827356
-4770.51204684772
-4771.53242285633
-4761.71514064054
-4743.89012129825
-4728.69275536436
-4721.03095231165
-4724.09746842819
-4735.26958377762
-4743.44364168563
-4744.58545473669
-4744.52246215053
-4749.49412922577
-4752.30189255107
-4751.45535005919
-4750.29141246858
-4746.85804628852
-4736.21532188586
-4727.65564021187
-4724.61224442392
-4727.69918805301
-4732.76386136228
-4731.15817096027
-4722.26032298492
-4724.0156549153
-4739.54549856226
-4748.06669197071
-4749.52841234428
-4749.59383235541
-4747.08877153991
-4740.14557633132
-4726.3753601049
-4720.63412026565
-4721.76499446581
-4721.67793397937
-4718.98303480221
-4719.72563197947
-4721.740100012
-4720.25185789704
-4722.43262154374
-4737.42275104611
-4753.28847568546
-4761.23436190645
-4768.48345553974
-4774.20066803787
-4765.04379692686
-4750.1234607012
-4751.11717910565
-4760.89476694021
-4772.60495204095
-4782.15907203192
-4780.91391719525
-4767.25647468101
-4752.71975697942
-4743.74545368332
-4730.72380126018
-4724.97523330874
-4737.24871657438
-4741.43448862527
-4733.60866633095
-4731.7141798199
-4738.29266238133
-4751.00976615343
-4765.29399373778
-4758.85151687588
-4739.83232892681
-4740.13495343737
-4749.25973175328
-4754.43100114529
-4760.208551373
-4758.8669599456
-4749.5770313335
-4742.1891040834
-4739.59457428257
-4737.67345772534
-4735.51689580876
-4735.25150476878
-4736.45825905224
-4743.58170181954
-4754.61732568199
-4769.71653273584
-4774.91247452092
-4760.8480302435
-4740.93021305402
-4730.55609770716
-4725.94317051188
-4721.78144939801
-4721.79626686423
-4727.03569680308
-4731.62818980952
-4728.3180594041
-4727.82495460612
-4728.70665011544
-4725.85655608097
-4721.74743190974
-4721.20060106121
-4716.78455484855
-4709.00696980813
-4711.1016468935
-4716.08961882123
-4719.43728191585
-4725.92155027275
-4734.11077683291
-4733.3570267555
-4723.67159205429
-4713.70334329403
-4709.3441869869
-4705.23569210637
-4708.17971872847
-4718.44955332696
-4725.88255337209
-4733.21830293055
-4742.80451489873
-4742.9066132923
-4734.3848690193
-4732.88673565535
-4738.72055319991
-4745.96208610574
-4747.5758399934
-4744.49770945671
-4747.6913509094
-4748.58165674189
-4745.83556119467
-4741.06621466562
-4740.98509123676
-4745.32624174877
-4745.84633377481
-4740.5035147645
-4732.41975412475
-4721.92550058838
-4714.14921114649
-4715.603235176
-4721.00059252155
-4727.57188613569
-4733.12963712877
-4731.65702833412
-4726.7095105968
-4728.84141586293
-4736.27481762652
-4740.78200891152
-4740.68668351341
-4734.11683829354
-4721.97474234717
-4710.80857961067
-4710.87069302199
-4725.04304726781
-4738.91394008218
-4744.98503173224
-4746.94217198212
-4746.87940375637
-4747.24975441676
-4744.20017422144
-4739.65173508048
-4742.65922817941
-4746.01344967197
-4740.33896018026
-4736.29807705457
-4737.47965875913
-4744.22709204522
-4749.38634376556
-4741.47148176132
-4728.80381621083
-4719.317166104
-4710.81678223001
-4714.39843243552
-4736.98298672452
-4751.98654478926
-4749.55992851905
-4740.2041772717
-4730.28342782546
-4726.07958218613
-4727.87290449792
-4729.13984788794
-4733.38301272143
-4742.14147014417
-4753.23408591477
-4759.44289449423
-4752.49398997558
-4737.97693126493
-4728.27586399384
-4728.16164398015
-4734.86517239077
-4747.84331120343
-4756.5296836767
-4752.0024767445
-4742.15128188855
-4739.96828564094
-4739.34727513999
-4729.20631492993
-4717.55050059259
-4710.00003530642
-4707.57510482893
-4708.31808017615
-4711.66935826443
-4713.45262364757
-4710.94601588326
-4712.24101136392
-4726.69593744367
-4747.31009388521
-4753.15333895516
-4737.59938054843
-4724.4506456916
-4729.6576509446
-4739.01702874417
-4748.65467326661
-4762.01039659265
-4771.11898768845
-4767.5577007655
-4751.28128299717
-4732.58921010359
-4723.49146984503
-4729.55415735156
-4741.41012633241
-4749.04949063276
-4741.46078262176
-4730.02021864884
-4727.70774074031
-4736.5965975953
-4750.85741674029
-4751.18982512516
-4738.98086514681
-4730.95839641634
-4724.36271489659
-4721.04752155839
-4722.21350650708
-4724.05336183528
-4722.89760264558
-4727.702201945
-4739.08964401433
-4748.60379555426
-4753.03329823802
-4754.70070408725
-4748.90363010337
-4737.17420275743
-4732.66674864821
-4736.69027541494
-4725.99303828728
-4712.30181898784
-4719.94362302297
-4737.48137820468
-4746.37133456387
-4747.98590418423
-4752.62058498462
-4757.33990284337
-4762.62879229477
-4761.25821871956
-4747.55700772169
-4731.26493215039
-4719.22865202055
-4712.20577819191
-4714.86843924672
-4729.00820265598
-4735.23375778576
-4732.06658093516
-4729.45935746721
-4724.56788815798
-4718.49772019723
-4716.52107482547
-4722.53590820723
-4731.97380217291
-4734.33040882522
-4728.98563616855
-4724.91354129952
-4726.03968874761
-4720.62938391244
-4709.70323428331
-4709.5705249707
-4714.74446237618
-4719.44759819404
-4723.2996877002
-4727.73797868497
-4730.38310358787
-4730.32188546428
-4725.56386811444
-4719.25998884475
-4721.38395103961
-4731.60939121871
-4736.86221520297
-4738.28336240783
-4745.15784003425
-4750.13591226101
-4747.57059589652
-4750.29933585067
-4760.05684089914
-4765.33715421331
-4761.90729375491
-4764.32151951779
-4769.77327067855
-4765.09532348719
-4754.15004255474
-4741.47267008552
-4733.93436859058
-4730.2255177626
-4730.92234560364
-4731.19354119419
-4723.87963290839
-4721.136022963
-4733.00468261388
-4745.65012798836
-4738.66377339463
-4730.90757088982
-4747.22168043291
-4758.20978505762
-4758.904357485
-4757.28081627422
-4751.64805153592
-4741.87754681386
-4745.08477409689
-4758.25282061471
-4760.27819500584
-4759.51763372066
-4768.97828656671
-4765.79254313278
-4750.94238307394
-4741.88187096167
-4751.12909451886
-4776.47704125587
-4795.94321679989
-4792.72921457673
-4773.756975441
-4759.72044985583
-4757.52321641533
-4754.16087477539
-4746.52788712089
-4741.56978328725
-4740.7194822158
-4740.98367037989
-4734.02647254049
-4730.03980331503
-4732.92503486178
-4738.18418885193
-4738.4343791441
-4739.43287675538
-4743.59980084399
-4750.18252996702
-4756.79379707024
-4749.38427526388
-4735.49651762453
-4737.17436781665
-4751.53553537109
-4766.9590569063
-4774.96812408162
-4769.28636450985
-4754.4380540235
-4741.60934598181
-4747.00306421265
-4759.32735422564
-4760.76686108991
-4750.25642304702
-4740.3804909179
-4739.34842550031
-4735.35279248981
-4730.30363862516
-4733.12299558803
-4739.59640183373
-4741.59400006593
-4739.342364944
-4734.45639647666
-4733.67990363857
-4731.52358017064
-4726.4321332858
-4725.64983817153
-4725.2211225646
-4718.88011695394
-4724.51785540321
-4740.53103903878
-4747.0453816833
-4743.68484312577
-4739.99619876825
-4737.96254800046
-4742.34629108243
-4745.22719475639
-4734.58264377364
-4717.59285470976
-4709.45990299128
-4709.08515641732
-4712.52752081071
-4721.81424089253
-4733.99479816402
-4734.03831830829
-4727.10414581336
-4722.71778900346
-4721.76702838869
-4725.61490707696
-4732.03621781417
-4741.77011599568
-4744.46282240965
-4742.46794922402
-4743.14056334606
-4747.19443643056
-4750.8587735493
-4753.63195287534
-4747.68999067883
-4740.09149247814
-4733.09874588379
-4734.60478253161
-4739.19446766563
-4741.8444108602
-4739.49379803661
-4731.29588651307
-4724.9061555864
-4730.01548373252
-4740.72821313153
-4748.10481052565
-4745.04147005103
-4729.87195715983
-4718.70799661216
-4717.33138736283
-4721.63070104602
-4723.00696057152
-4721.59619177857
-4718.95657740102
-4718.8829292509
-4720.36302450568
-4718.84670126196
-4714.37427645366
-4716.54084785358
-4726.67083207937
-4737.50017805169
-4742.07379891863
-4742.65084818987
-4741.59410650919
-4733.4693402079
-4727.01362355223
-4727.36514791182
-4732.092115033
-4736.173025305
-4739.69781059134
-4737.28496677985
-4739.46717154214
-4750.84487724496
-4753.40489051886
-4746.102858781
-4735.67054192292
-4727.36277219171
-4723.71479692098
-4720.8778701806
-4719.94490940836
-4718.02905459476
-4715.6682762445
-4714.40162538768
-4712.41890791047
-4714.469924833
-4720.79880201502
-4725.26739237325
-4727.97436386668
-4730.03836144242
-4736.42118440745
-4744.10678502713
-4746.91141306582
-4747.95980878868
-4752.49204243286
-4750.79083465423
-4746.74273920909
-4746.08079221449
-4746.08706056587
-4747.60140821732
-4750.81054164316
-4744.66719436854
-4734.9699457301
-4732.69853066837
-4734.90293098959
-4730.01052172453
-4722.44446237832
-4723.76175867853
-4732.92060026819
-4742.04080616734
-4742.81674495587
-4738.9588720103
-4737.6624010815
-4736.20162010173
-4741.9464212882
-4745.54733581451
-4738.32947102559
-4734.9028624711
-4739.6391091991
-4741.17487699022
-4741.41754116251
-4752.01326804774
-4762.54815398313
-4764.1392501714
-4760.38086754835
-4750.9874809492
-4737.68155572692
-4731.78795909574
-4738.26771155699
-4745.85901431088
-4741.46416019707
-4728.22272237598
-4719.94939805417
-4716.3184835508
-4716.11728575678
-4712.65822676334
-4701.13715448467
-4698.60366196891
-4716.78966232835
-4735.65842447616
-4740.52112666328
-4734.28764199248
-4726.95082184521
-4716.03318897196
-4713.2882249601
-4729.16800851349
-4741.84012872789
-4736.08037401027
-4727.60031915985
-4726.7163815893
-4722.91152132427
-4722.36720314011
-4735.61010915615
-4744.99765071071
-4745.90748556074
-4745.06857099527
-4746.00046861252
-4744.3767462482
-4739.40350144885
-4741.62098940676
-4756.17061606509
-4760.62471905312
-4751.08304035109
-4743.09543389039
-4737.11691236274
-4732.69251101122
-4738.36719990574
-4746.00893725962
-4749.91709641268
-4752.21090708428
-4751.2512410896
-4747.50778697211
-4741.92260051164
-4738.58341650031
-4731.88651862863
-4720.52814372963
-4716.4530924332
-4725.95505998043
-4741.25629869198
-4744.92143026492
-4739.59457112123
-4734.14762198122
-4726.68356296306
-4735.01247796863
-4756.61179583406
-4765.78649868669
-4754.93884631282
-4735.09174615561
-4723.6648442336
-4722.06268367202
-4718.87249678815
-4720.2836767931
-4732.78938933689
-4741.68032676186
-4741.6651096652
-4736.57986710274
-4730.49920525368
-4727.36814928737
-4723.87804093481
-4727.08495843089
-4729.87747356032
-4728.71036612754
-4730.01678234299
-4735.92981993669
-4737.62907314236
-4737.33977612916
-4746.82567144214
-4754.83125747756
-4742.62889645768
-4723.1957594464
-4711.89271265697
-4714.00531760674
-4727.11096869285
-4739.36940438332
-4742.64010942152
-4744.24624729602
-4747.68634185872
-4748.43061020155
-4748.95933342137
-4745.324769116
-4734.25565024418
-4727.47200871172
-4732.17865683042
-4742.10476470732
-4749.31886845179
-4757.33732660016
-4761.27636335099
-4754.80320838169
-4749.85058899626
-4749.63241620936
-4743.66190406135
-4736.57688757606
-4736.86421411318
-4744.63540017017
-4752.38904887855
-4752.46058872388
-4740.18705754626
-4726.63442993389
-4723.73919566652
-4731.07681054297
-4742.8074779227
-4751.0007561593
-4754.523250581
-4750.22113025859
-4746.27489591669
-4754.34537563557
-4760.0146192918
-4757.46777108133
-4758.5388823882
-4761.40772951705
-4759.67721049103
-4752.30509020995
-4738.14003774081
-4727.18018052604
-4720.05825895018
-4710.25016923746
-4699.91263893419
-4698.415286887
-4706.0688601613
-4715.73017982008
-4716.13442345233
-4704.97805722581
-4694.20625021258
-4695.77583023842
-4710.64087950059
-4720.55351754505
-4712.06092605891
-4698.18718817503
-4692.30718812709
-4697.98892819871
-4709.17921347203
-4720.38693158379
-4724.31220197319
-4721.39089074877
-4718.87524309263
-4719.70157771932
-4725.29583991648
-4737.28933173933
-4750.62592774631
-4758.07026420051
-4759.14797059979
-4749.70603120727
-4737.00854168734
-4733.02862490198
-4734.45127210248
-4731.36706428977
-4725.41430115112
-4721.24457540378
-4724.43956637596
-4728.60592312019
-4726.91569455982
-4721.23012335822
-4713.18663684827
-4710.39321956834
-4712.82552655188
-4721.14936171014
-4730.32594090273
-4742.58548034957
-4753.01554776912
-4757.9158558647
-4756.24793123547
-4748.15890729489
-4731.59989365169
-4710.0409355796
-4708.44750320767
-4720.93059244031
-4727.95444894537
-4735.42180696212
-4747.09764055271
-4758.64250615471
-4762.38443928241
-4758.76764719077
-4754.17513681649
-4749.19560100744
-4733.97787405018
-4713.69209752909
-4711.27093160586
-4727.55183446784
-4748.98092458053
-4758.52341632919
-4751.51105570815
-4744.78886558911
-4742.22631806177
-4746.65434557744
-4749.83045469772
-4745.7908158934
-4735.9479476303
-4732.92757398182
-4734.88616032712
-4728.64548171031
-4725.44120700091
-4724.91355185644
-4717.03266244913
-4707.44236990327
-4709.7470243623
-4715.90448291784
-4720.00118321508
-4725.13872508866
-4731.38727965168
-4735.44522975179
-4729.2137753446
-4723.86137401272
-4724.7950345376
-4731.86095178439
-4746.74945180043
-4756.51324086815
-4748.9531397032
-4742.13315584864
-4745.6928407408
-4750.02012158324
-4760.16534382095
-4769.0874543404
-4773.07859807991
-4773.66684973735
-4766.86149022963
-4756.04532263415
-4749.49133115511
-4748.47476470409
-4748.30302360489
-4741.26579766749
-4730.73484180024
-4736.48947539082
-4755.4240550939
-4763.85166538973
-4757.87066076245
-4746.55262604768
-4735.50091298185
-4731.53112885561
-4740.06592443422
-4754.45733441342
-4766.74249340636
-4766.84257815415
-4758.84572870885
-4746.32627275243
-4743.66092373342
-4745.7514837668
-4746.64831609622
-4741.92842694427
-4727.78011669158
-4713.0466330976
-4713.45348597421
-4729.17344221215
-4752.42665550581
-4760.12144437884
-4753.64919848154
-4748.72232111128
-4744.49140390105
-4734.33727913691
-4729.48596757164
-4730.77065848249
-4730.75623450623
-4731.46231470116
-4740.78424831682
-4754.72062955986
-4762.48774098508
-4765.09310182944
-4761.89807277316
-4752.99217569491
-4744.45116036465
-4742.96945741678
-4745.77694655515
-4741.38243599875
-4731.06958963461
-4725.56927366875
-4738.13445524975
-4760.37744944429
-4771.34190376265
-4774.14233451733
-4771.93644429052
-4766.44035901449
-4765.5947693579
-4773.72480131972
-4778.3570759504
-4775.53385688042
-4767.10934380067
-4752.1638761825
-4741.1475841797
-4741.40717158123
-4746.0847906078
-4744.83825453568
-4734.75778668868
-4726.32205191388
-4724.20318807566
-4722.27886849702
-4720.116031456
-4717.97081181122
-4725.3126149223
-4737.27124016433
-4741.85518293978
-4741.83177284856
-4745.26311979362
-4751.48616576166
-4758.61416363076
-4758.54455478588
-4752.65401889584
-4748.102033532
-4748.7609499343
-4751.86378669425
-4750.4464716445
-4745.79848790645
-4746.45606623732
-4751.04482544078
-4757.11088808589
-4761.53881756792
-4765.03208251361
-4767.57967018334
-4767.63198614207
-4762.92276100783
-4756.68853806526
-4753.85988933051
-4745.83574803994
-4738.77573605996
-4743.46063963291
-4752.8833443967
-4756.24199752039
-4757.00695140664
-4752.8188899068
-4742.20456310225
-4728.27863686268
-4718.88771108754
-4725.1082198057
-4732.78385048076
-4737.48571604527
-4745.72045260712
-4748.71390686868
-4748.51146648307
-4753.57845184712
-4747.45855141116
-4727.30415246522
-4706.45075425259
-4702.79210296445
-4710.59106225304
-4718.92691439611
-4732.28867609109
-4744.15883769992
-4744.54753864515
-4737.27023146041
-4729.96861873341
-4731.18043886709
-4742.31645254219
-4750.01751969441
-4752.02350525075
-4756.32179340314
-4755.2915145218
-4739.24329523343
-4718.63901664182
-4714.32974904338
-4727.29590082525
-4743.47907614366
-4756.30027552432
-4764.67348210251
-4766.47274060162
-4763.32418251267
-4756.53097206641
-4751.94264490412
-4750.74577089647
-4749.83820501234
-4749.66996930847
-4747.81217131542
-4742.99448883913
-4738.04405099213
-4736.36648790151
-4741.66695042246
-4748.52998535896
-4750.54457885666
-4749.65252351353
-4748.29755174404
-4745.19258972073
-4742.95441280752
-4753.65479706086
-4760.59046452225
-4754.17291081195
-4746.16595062314
-4749.72550336607
-4760.59502302348
-4762.67943577778
-4749.60339691065
-4730.57326339899
-4718.74197286237
-4717.68017054478
-4723.07882277614
-4728.92259061879
-4729.50328024295
-4725.247678924
-4719.65380762432
-4714.72567411366
-4711.53364634541
-4710.0781666573
-4714.29565811495
-4713.61025748721
-4709.02873274226
-4705.23902528964
-4701.00295200197
-4702.06276510417
-4710.89797259163
-4725.67357212161
-4740.02916082027
-4744.56351819282
-4737.34938245011
-4731.63705496715
-4729.00841281391
-4727.54398402125
-4729.72097128672
-4743.10354533868
-4752.03009229978
-4753.67186290915
-4762.00936066289
-4768.61280473817
-4760.29838960057
-4750.66956590941
-4744.59793245982
-4739.65908765214
-4734.63145076265
-4728.28698952139
-4723.01496798153
-4727.99676418794
-4728.80677889976
-4720.13787437868
-4722.61465330008
-4733.12943525445
-4737.53136136647
-4736.11137271207
-4733.08518561188
-4723.57430270946
-4709.90102736022
-4710.57198242681
-4725.32098531523
-4738.04877047643
-4738.71056854149
-4728.92393216804
-4721.24461627284
-4723.34657009549
-4730.42655960329
-4735.74297135827
-4737.40589305392
-4745.53876609929
-4759.14531772218
-4768.07627481875
-4772.85003832203
-4775.12489862868
-4767.19211919789
-4751.101618046
-4736.23120429447
-4730.74946560913
-4735.1271178634
-4738.46535685898
-4733.77425066949
-4724.45107537417
-4710.54756371055
-4705.7492653778
-4716.41112517922
-4730.97344816662
-4737.2119904821
-4739.03729652586
-4740.42223688706
-4735.73615660634
-4731.02484051331
-4731.30656202809
-4733.97735527564
-4735.42313385937
-4735.01269445052
-4732.89152343411
-4730.05592396429
-4722.77159068009
-4721.65990607608
-4731.30945653522
-4736.2294190203
-4735.3655926441
-4737.90625756034
-4741.96754320982
-4745.52945784962
-4743.28860524383
-4732.5884755064
-4716.93536752265
-4717.92799226761
-4739.13471316962
-4755.50172843801
-4761.89694031298
-4763.78601568977
-4762.08915615639
-4764.58175395104
-4766.80603073464
-4773.51027533057
-4781.61059972599
-4778.71621300151
-4768.51593331474
-4759.17804428183
-4753.98615853767
-4746.93229433901
-4739.28218858443
-4730.08778299245
-4729.0991567118
-4739.81033030205
-4750.9837918428
-4753.04866365993
-4753.23826159904
-4754.36117855389
-4754.34239388222
-4754.30671049345
-4748.80464471472
-4737.13895732671
-4726.21897946657
-4722.96066146538
-4728.25350941597
-4735.28200194965
-4738.08960799375
-4732.42720540787
-4720.960974953
-4711.14412456107
-4709.15330020139
-4714.05498791261
-4716.03872708364
-4712.79431759302
-4710.5996055635
-4709.8098770985
-4712.29974998858
-4724.61966162854
-4733.0761855873
-4729.57387116528
-4729.39073604289
-4734.55694012128
-4740.9117110735
-4742.38136046339
-4736.25554147533
-4730.43158237743
-4730.08266885994
-4731.70555568806
-4733.19980390513
-4737.98208869617
-4746.26318538458
-4760.19724451453
-4767.67566088113
-4767.57181742214
-4764.84260237904
-4757.5139446106
-4744.23325597483
-4735.67554124656
-4745.94516135161
-4755.28145020489
-4749.0762187478
-4746.0600443002
-4736.75541835825
-4722.01684803117
-4721.25723713686
-4734.11791951219
-4749.56420088315
-4758.82210572472
-4757.43066497223
-4746.23496484129
-4742.94024184079
-4743.66556249659
-4743.16880304292
-4742.62443696466
-4744.33460820283
-4746.87749163973
-4742.11329080431
-4733.08067397257
-4731.86969575037
-4741.35441208684
-4747.46672868772
-4743.97186090771
-4740.00345193554
-4747.44497724752
-4751.42458323716
-4744.42817478275
-4737.35242224376
-4737.54456997757
-4736.35918437705
-4732.85947909279
-4733.48672776833
-4739.61282716723
-4743.81705410814
-4733.94114511863
-4724.47717648495
-4731.8036517864
-4737.05819374086
-4735.84498428437
-4736.83605490842
-4735.54324090356
-4730.02623779092
-4733.04045978695
-4736.776003853
-4734.27803987158
-4732.89450081168
-4736.95941329946
-4741.18168171305
-4745.91607270508
-4751.32740396567
-4756.46378295348
-4756.74534600761
-4749.37306835654
-4741.08588724917
-4739.31298586463
-4744.74779592791
-4747.90042024535
-4739.00718210309
-4725.01921287839
-4725.16176671319
-4736.57755479173
-4740.94560515001
-4733.61374163887
-4726.25268088187
-4717.50037841621
-4717.9512261783
-4729.23221281027
-4739.83586401435
-4740.64883646052
-4734.05410420165
-4722.23473146426
-4715.6905283553
-4731.14354299985
-4750.5169245994
-4751.40809136583
-4740.72515359354
-4733.68024874842
-4725.4399240488
-4723.03538305488
-4738.05311595085
-4745.26949375224
-4736.84649886794
-4733.77319772328
-4743.94412630395
-4755.85548353238
-4758.34047641462
-4748.70036915302
-4736.66355035429
-4730.43074838578
-4728.52260557865
-4730.18736197925
-4737.7995685448
-4744.19022062496
-4739.17610527702
-4729.02875023603
-4719.37601815019
-4722.39336690149
-4729.57668498074
-4734.39397248274
-4745.98338535029
-4756.30926567765
-4757.40549257794
-4756.46637248089
-4753.08400849526
-4747.26362249623
-4745.23293616867
-4747.9578485489
-4747.52084013321
-4735.30669557054
-4721.57612756098
-4716.85589349599
-4715.7402653388
-4714.27918560343
-4718.23226337956
-4724.34708046049
-4732.35903353638
-4743.81500325794
-4752.16524966294
-4754.64571810493
-4749.84027306636
-4744.39623632498
-4738.19305168759
-4740.45493932693
-4750.73560118188
-4755.33408699981
-4749.92700663096
-4742.41090794329
-4740.44238582912
-4740.27827854197
-4738.39854853811
-4738.59969236686
-4747.66565026343
-4759.13368630685
-4761.45980280252
-4757.41898671957
-4752.10158606604
-4743.07316274984
-4741.04791175088
-4744.24607215521
-4744.87712661275
-4741.85523580376
-4747.8694545205
-4763.34099023434
-4773.67679293386
-4771.30837327408
-4771.08008815679
-4780.63824736731
-4786.91619143491
-4777.62198833152
-4760.52622415234
-4754.16110597742
-4757.38647335079
-4755.67857540062
-4745.47813147205
-4735.27482053088
-4729.93546588143
-4732.0433574607
-4740.45542298561
-4744.07226442089
-4737.46603942883
-4727.58685352547
-4727.63523419704
-4740.16679825972
-4738.88456365326
-4729.62467310311
-4725.0878556935
-4724.69249624382
-4733.08784540814
-4746.42916288034
-4751.74164296195
-4743.01202449095
-4729.1390839225
-4722.37753854498
-4726.80010220756
-4734.73977329533
-4736.29150204824
-4743.4194355649
-4755.25715425782
-4758.96189419242
-4755.07796227599
-4754.21558005887
-4754.53560462114
-4744.09572781734
-4734.58806547353
-4745.39421879251
-4761.65505554257
-4770.78756671471
-4776.55470475043
-4776.21587388769
-4767.15994805378
-4755.79428988587
-4746.86575728955
-4740.58144295654
-4739.83825637547
-4743.1746452973
-4748.5153405217
-4751.85721114705
-4752.71699759981
-4750.40900829982
-4740.19950529178
-4728.93202731501
-4727.3853330256
-4729.0674270495
-4729.65660195841
-4734.31685294387
-4736.14076491022
-4732.09843146533
-4729.22083831299
-4737.79338835995
-4751.63741641083
-4755.31784077041
-4745.78389725773
-4729.53351114345
-4723.80963228954
-4732.00531199794
-4741.24333577794
-4752.98191368063
-4764.82953900607
-4768.45328807916
-4765.94722899351
-4759.63784692122
-4756.66001204476
-4761.026576914
-4760.52032913573
-4748.96101308364
-4737.28627784869
-4743.9848147226
-4758.0020013458
-4754.99844355713
-4751.51478209914
-4757.08500820091
-4753.37079662164
-4745.78896901562
-4746.23832592265
-4748.09076049164
-4739.36768676288
-4727.61736559723
-4721.45981180034
-4719.62563443564
-4720.78356320109
-4720.56957727905
-4717.85453523279
-4713.39089241314
-4715.62120630587
-4716.91217430685
-4711.94857575155
-4714.66740817258
-4725.25115217519
-4732.40966740935
-4738.79633231139
-4745.48184342246
-4745.00645967339
-4728.27260478775
-4713.48047071845
-4721.34514362865
-4746.14958924612
-4765.61268799555
-4762.54546682089
-4742.9834806871
-4733.24226841877
-4737.11909989392
-4739.17020532906
-4734.69132752796
-4735.22416591516
-4740.21857549363
-4748.96377115665
-4763.97785143794
-4774.85412654318
-4772.46580770795
-4759.44039734611
-4753.78093758247
-4753.26405089782
-4750.36264249397
-4742.37127974537
-4738.43376121403
-4739.92738155631
-4739.44397627348
-4736.55902026579
-4731.55524252278
-4726.27444547964
-4723.98401794305
-4730.45252794689
-4737.8194632917
-4738.54822585327
-4739.71758875462
-4743.16880425974
-4748.39716086141
-4750.00373727407
-4745.24204219246
-4739.10555066561
-4742.31552378883
-4751.20257388031
-4750.47906328067
-4743.5078820892
-4739.4467793769
-4744.61086252005
-4749.95786717386
-4749.82280663953
-4744.44073022777
-4739.36938094485
-4744.04519383215
-4755.62555223023
-4762.75455376724
-4764.53114373151
-4755.48722646432
-4744.712920336
-4746.0976783754
-4742.43949470287
-4723.48139457299
-4710.63263189612
-4715.09926258771
-4727.52736252891
-4740.07096572617
-4745.177088638
-4737.32323622338
-4729.18479476254
-4732.68141392414
-4743.72186510799
-4742.53206991407
-4733.09414640689
-4730.12733364504
-4732.52061381288
-4736.9621578198
-4744.23719275022
-4750.69883036925
-4750.97091642784
-4744.65180806165
-4733.84948366519
-4725.12820475925
-4721.90707724416
-4727.45652898121
-4741.32091021861
-4754.72339857892
-4756.77439392496
-4752.19902351292
-4753.36589304308
-4762.28660497929
-4768.59084647474
-4764.85353706929
-4755.80468183952
-4747.6660339519
-4745.46360444453
-4748.87003315083
-4748.86096159339
-4744.11569853268
-4734.73169903639
-4730.88393945352
-4741.54775398892
-4753.42437652721
-4758.89772863128
-4761.60409192244
-4751.38204273311
-4731.67255569945
-4713.57082304522
-4704.80027117568
-4707.10515515604
-4721.07746862351
-4735.91930355677
-4743.9900126879
-4749.25630228406
-4750.32308680584
-4751.73789015095
-4755.0192060445
-4750.56207645524
-4739.24020907913
-4731.30462965077
-4732.85247219172
-4732.74862044016
-4733.38030654313
-4738.52011118272
-4737.12923037457
-4738.40094291369
-4752.4807189585
-4764.23367393182
-4757.95963432427
-4744.18598044647
-4746.70538557066
-4755.81128390561
-4756.36208483838
-4755.66001605226
-4749.32884458822
-4741.77952813567
-4743.52381094714
-4754.74807315332
-4765.50368142353
-4773.88260391786
-4775.89449754126
-4766.03063690846
-4750.9335745284
-4745.53988942418
-4746.38010250927
-4749.17119877605
-4752.55245341629
-4749.17376842738
-4739.49000239753
-4730.84827779187
-4731.64713697403
-4735.48166676249
-4737.23532317311
-4738.52216064491
-4738.49388111764
-4736.81778773282
-4729.87479583285
-4727.48795790448
-4731.45097342451
-4733.34480738094
-4725.02040101015
-4717.34026056375
-4720.71252074752
-4726.7583105569
-4729.09069568014
-4731.87662760884
-4725.28524791649
-4722.48807061919
-4723.37701103893
-4722.17765401322
-4722.73485971561
-4722.84513343328
-4715.55771755187
-4709.99084915211
-4713.944801987
-4721.95594520433
-4727.78288167044
-4726.21409953366
-4726.27440299182
-4733.57772534089
-4738.09395980995
-4740.02676915939
-4738.93767007745
-4740.51733729333
-4747.96447491614
-4752.0038356435
-4745.70461392455
-4733.76495651924
-4721.21302886582
-4713.91575063374
-4716.17545367345
-4723.82041381079
-4737.48861895108
-4742.57101643614
-4733.71972978401
-4729.82545527588
-4742.02854472057
-4757.61021190498
-4765.11230431936
-4761.43545793319
-4751.06412612224
-4747.29812023504
-4752.20433385001
-4752.11820918373
-4750.10174537154
-4749.14006503236
-4747.91103592384
-4741.95522017321
-4728.93317169756
-4722.16239272274
-4725.07206193425
-4727.68106370917
-4738.69547147279
-4755.05086713624
-4760.16158572094
-4752.35715719322
-4746.29586949787
-4747.87990639212
-4749.12517773988
-4747.54634278158
-4746.84390297667
-4750.84541253574
-4753.41443662947
-4750.79859791646
-4754.40779744844
-4754.4508400747
-4741.45789644294
-4726.83339546345
-4716.2940968384
-4718.67251853798
-4728.6704683592
-4737.53620434468
-4740.48471935482
-4733.39619619266
-4727.85756034735
-4733.82249311222
-4737.82867647932
-4738.1019302807
-4745.30222691431
-4755.48567418593
-4759.23565658075
-4759.11534818127
-4757.80304083287
-4750.95647368397
-4744.16824416817
-4739.28217815552
-4729.41644018193
-4722.64948250757
-4714.48829343888
-4709.42259420713
-4714.36909105369
-4719.07099098314
-4726.53146461751
-4746.6157046111
-4763.55543195863
-4765.47460438386
-4757.17495856125
-4739.19845750073
-4720.43165751885
-4720.77217826584
-4734.3725080584
-4738.24115302062
-4728.08579861452
-4723.65059305486
-4733.33762212588
-4745.70564390548
-4757.42518608044
-4765.31150966058
-4754.73209084052
-4735.77688740944
-4732.03614131947
-4744.55233542699
-4753.20050394981
-4746.47507465147
-4733.53452498491
-4731.07750421656
-4729.04102029056
-4725.51452174105
-4726.36397872135
-4732.01824761095
-4732.04940089155
-4728.7874551361
-4732.87074537075
-4738.76378083631
-4732.46865739373
-4718.22725074427
-4707.36249811832
-4709.49533274364
-4711.89338793475
-4704.47995390812
-4693.83583117021
-4688.44928102556
-4699.3947487623
-4728.82848425322
-4755.12010842638
-4760.11296429713
-4753.79152247616
-4749.7729628458
-4744.62033114033
-4740.91539539086
-4738.89746536386
-4739.44663007736
-4745.21808917372
-4752.2463226166
-4754.03994665147
-4749.499374389
-4741.2772465487
-4733.58602178656
-4736.30848341106
-4742.7753056447
-4739.09340945634
-4729.4595809629
-4722.34877604917
-4725.93771827086
-4735.57153046757
-4739.63691146626
-4734.28128285974
-4729.62721321951
-4729.85180472077
-4724.36566826574
-4711.27790959028
-4705.76960217963
-4713.16464555452
-4718.56849494236
-4715.8510098154
-4716.80441546962
-4727.13855642415
-4737.46307632047
-4743.71184038106
-4736.57775761444
-4730.26133164763
-4737.50926684646
-4744.71234155616
-4735.07608499899
-4722.31127259645
-4722.03624657897
-4723.16538190929
-4715.61417405069
-4703.76712882548
-4699.27777665162
-4702.04097775624
-4708.47416857562
-4719.71250029252
-4732.17853760633
-4734.2066823549
-4730.18715335651
-4728.6809165694
-4733.31286055034
-4736.54187532157
-4739.32829618708
-4746.86907221267
-4753.51583417674
-4750.26838773401
-4738.09224470394
-4722.77238733669
-4712.90880574194
-4709.60234323159
-4706.79687461853
-4712.25965542667
-4729.95180026039
-4735.3883745823
-4724.28207673736
-4715.00732466315
-4718.20763276079
-4726.03012185755
-4732.12390729833
-4731.60618508906
-4725.51719945752
-4723.03515618149
-4718.00687786561
-4716.74726169495
-4723.95585454454
-4737.618444537
-4755.2324286817
-4767.27102632225
-4771.24315538743
-4759.03868674337
-4741.85447349354
-4732.21271016751
-4727.16715237262
-4726.66119180074
-4730.11144123117
-4732.29585642
-4725.83107894412
-4715.4017631691
-4705.88620882121
-4702.83754855667
-4711.94927594998
-4725.80252043823
-4729.88473854623
-4720.59704709386
-4709.5698349191
-4712.46271592362
-4725.212034698
-4739.90970844308
-4752.13339575896
-4758.4199412975
-4756.43465978746
-4749.89436141043
-4753.68224314925
-4754.5311006481
-4748.75415687548
-4741.80366297204
-4734.26961288516
-4733.10444374926
-4740.7059746567
-4741.38148843243
-4741.5275194511
-4732.32600069093
-4720.99855309664
-4718.53057742528
-4723.34640414449
-4731.56480108614
-4737.50804689894
-4739.38722679144
-4743.34150949778
-4745.68791833792
-4742.93499167969
-4736.32396699941
-4734.60001510132
-4731.19231406569
-4720.30640205939
-4711.35095693296
-4706.2429484971
-4707.2872707466
-4712.97016078998
-4719.81187211682
-4726.2998146243
-4728.95930312522
-4723.64018963831
-4721.00840590812
-4717.08444098022
-4712.21104636276
-4714.61852263911
-4729.95882329459
-4750.95592937604
-4766.00284154793
-4765.05374918219
-4748.79438706378
-4733.21362153778
-4736.43689727797
-4743.1307794337
-4739.3339761604
-4728.06138543448
-4723.97166062026
-4728.92581358043
-4733.26914433535
-4735.80094107698
-4741.38507673084
-4742.40329343893
-4740.77455750545
-4734.65122432966
-4729.45861405391
-4729.99918127119
-4730.64986626096
-4726.40374801656
-4729.84989380294
-4727.74432935725
-4717.89053738385
-4713.56261243905
-4724.64651940337
-4735.82604626068
-4745.33179561493
-4747.55838428163
-4744.45992601534
-4742.15974047362
-4737.81536593674
-4728.64187447976
-4718.59000563073
-4718.79114525281
-4726.36043708114
-4733.13915291414
-4733.04578425195
-4727.26680375489
-4725.16884051811
-4727.30007742509
-4732.38280166178
-4744.11677352529
-4755.07769198702
-4758.5925733165
-4755.07627701028
-4749.88905605012
-4744.35685984661
-4739.27016725793
-4730.83837807406
-4718.33028324308
-4709.43668645092
-4713.59163597586
-4713.84831951986
-4714.40313452481
-4718.82968431132
-4723.1666855911
-4726.54490240241
-4727.41650951404
-4729.80504131756
-4735.15555750578
-4737.02263349994
-4736.91196949584
-4737.42646318514
-4738.27785486038
-4740.49063515254
-4746.16632928925
-4741.80937409655
-4729.75324264552
-4716.44646307399
-4711.38532149824
-4716.03092422149
-4728.87208418136
-4733.94215706626
-4726.18701495164
-4720.94120359653
-4720.74770672614
-4717.50093074029
-4714.35103025562
-4720.77779891255
-4730.14121853762
-4732.08523311037
-4728.98155846181
-4733.39410418159
-4745.17864822419
-4755.83797643531
-4761.71322724181
-4756.9442297822
-4749.30698795822
-4748.70045919175
-4748.94594627628
-4747.40904632259
-4745.76002726101
-4747.48283097418
-4742.92273462492
-4737.57313440221
-4735.42907496296
-4729.94182375626
-4720.29639246644
-4711.02051404606
-4711.41428114795
-4726.17240219809
-4746.74872838523
-4763.19062522279
-4764.77845350245
-4758.93698206572
-4753.26474875183
-4746.86770597259
-4734.52738435147
-4729.10454429575
-4733.00150529978
-4733.65989943267
-4724.57648704344
-4711.34497379888
-4705.82549023278
-4710.80915391998
-4713.36099161647
-4714.82916727935
-4720.14577784753
-4728.89117509341
-4738.67444094396
-4752.4222116682
-4769.17216376653
-4770.3032358754
-4752.80803200198
-4744.57742790459
-4745.08726282735
-4740.81097883519
-4739.56049911057
-4748.3775891341
-4752.348746955
-4756.35734681859
-4755.43960427127
-4752.83721461981
-4749.50099508646
-4745.86590305499
-4743.33386672632
-4746.38185740042
-4755.24738829368
-4760.69991565663
-4766.28124716709
-4768.0109902733
-4765.92100743624
-4762.07584632059
-4751.52185537625
-4739.93330804991
-4732.17858975443
-4728.01418363343
-4735.80435536051
-4747.27650309165
-4754.61997289713
-4762.45562906894
-4761.61355090267
-4756.45945007841
-4764.18414410645
-4778.21453240753
-4785.35402623802
-4777.14567523973
-4760.874870939
-4747.61508571001
-4731.70838682871
-4708.77080134258
-4697.11098813851
-4698.20753248126
-4710.09930021164
-4721.90281419369
-4732.53718536969
-4750.88646280722
-4771.31693664967
-4785.55330155963
-4786.9981049887
-4779.71898418664
-4777.23695074819
-4773.97619655875
-4758.79848711053
-4748.32971597293
-4742.0745926103
-4730.95111204017
-4723.10339877562
-4731.82608706962
-4754.82644048027
-4770.42854590716
-4780.5214641161
-4787.82174997725
-4786.27947953012
-4780.05993139673
-4772.65652280467
-4763.43327283168
-4752.44133821279
-4741.36340002075
-4737.8282959696
-4742.95175618554
-4749.33446799806
-4744.02032046575
-4728.57123646167
-4717.64175128381
-4714.6282329395
-4712.77494561597
-4719.54309465265
-4732.34586653913
-4741.35795251855
-4741.54922152646
-4737.65060578579
-4733.76148685478
-4736.49958498044
-4742.4155624294
-4740.43991593944
-4740.13879291584
-4751.07917739899
-4758.50606472944
-4752.30097388737
-4748.05570992382
-4745.46701253279
-4743.02374859277
-4736.61722390425
-4730.68267523871
-4734.70818472511
-4740.82972408094
-4742.00128570708
-4745.21480874298
-4745.99362663918
-4745.66641506599
-4733.95142570816
-4715.63168167943
-4703.92036828658
-4698.675916538
-4702.13834721767
-4718.72179291335
-4744.00763679504
-4759.13407376763
-4762.08138001622
-4757.95703405469
-4754.71116180719
-4758.59772703572
-4761.10886743329
-4747.07127429007
-4720.38250737202
-4708.31519034557
-4715.78932149704
-4721.96373326048
-4719.6184923747
-4722.71949158013
-4732.49224829879
-4740.7060410603
-4746.66839987149
-4751.79695194166
-4750.43318968552
-4742.88067879283
-4736.235148927
-4731.8467421105
-4726.77477259905
-4717.78296511355
-4712.82128729053
-4714.8968441734
-4716.39596616511
-4718.78920590337
-4721.74656064996
-4725.761160634
-4731.7137124624
-4737.85695672789
-4745.83715981339
-4752.420641958
-4747.80223576864
-4733.31043763643
-4722.68136765564
-4725.77121101446
-4735.22190500384
-4740.62929002447
-4747.82118666713
-4761.31354088396
-4768.29605849517
-4759.76669805608
-4749.05719556421
-4748.4407210875
-4753.43772334473
-4755.57495697594
-4755.97098797572
-4756.49031957365
-4746.54736421177
-4738.06952434423
-4737.07374883636
-4725.56851431062
-4711.90698333568
-4714.82124130739
-4722.80335976116
-4724.86855988364
-4728.32871261225
-4732.28686475663
-4729.14622899414
-4728.45948020077
-4740.14248776535
-4751.60526739963
-4753.8986231811
-4745.28160499411
-4737.00180121627
-4733.96202153402
-4733.92412184512
-4734.77055003668
-4732.05139682786
-4725.86291548369
-4729.57955688009
-4744.91520071988
-4754.51862076902
-4747.65804440373
-4736.59662601159
-4731.44156715088
-4729.8639083244
-4733.031419936
-4736.21369950195
-4731.93290318881
-4726.07971744684
-4724.39583280958
-4727.62291068435
-4738.54331319319
-4739.73105723823
-4743.87756463788
-4755.64977522417
-4752.61714985866
-4737.26473879421
-4723.53948993457
-4712.05741812301
-4714.23687552876
-4728.14262791616
-4743.48962262048
-4740.76081631009
-4723.4866065332
-4716.99875972898
-4721.76518594028
-4730.10568122535
-4732.9076482239
-4734.92571089437
-4737.41254960716
-4732.9737358066
-4724.69719764063
-4722.61989885057
-4730.95050371981
-4733.03025985601
-4731.79219587069
-4738.49936340947
-4750.39981726023
-4752.87388878944
-4746.17237526295
-4739.49582131803
-4735.60197752598
-4742.85269761407
-4755.45254411697
-4762.35193676844
-4754.36897230785
-4737.44977244158
-4729.13183607042
-4732.42652056063
-4744.51855974596
-4749.92439119161
-4747.27041468008
-4746.29032116809
-4747.06829337922
-4742.37561431958
-4735.63547602035
-4732.82508609113
-4730.96229015554
-4724.14793547324
-4727.16187267768
-4739.34221950943
-4752.30752498395
-4758.71619727965
-4753.2467572262
-4745.18327239469
-4743.71197039922
-4743.84877602261
-4747.78819094401
-4755.47810111417
-4755.8854676811
-4752.48129550775
-4753.85284258562
-4751.10143740313
-4745.51542011567
-4750.50576416062
-4744.78965342512
-4732.63245471822
-4730.83757994843
-4732.74633771956
-4723.19602573586
-4713.52658817282
-4715.79267415132
-4718.67862315713
-4717.73330686585
-4716.43468998243
-4718.05261286799
-4726.23953730702
-4740.56898551803
-4754.8564860621
-4759.46784859238
-4746.15855680477
-4730.99131415347
-4728.98125983503
-4732.36106893624
-4726.28667998714
-4713.7320727257
-4710.75006818578
-4718.90938676502
-4724.2445368047
-4722.89226870506
-4727.14211268141
-4736.79332789919
-4741.07276632119
-4732.70010563534
-4716.56439456562
-4716.56973991619
-4737.04525919553
-4754.97226275525
-4764.39507143063
-4764.7251520039
-4744.04866818456
-4715.56336996196
-4700.21019110734
-4702.18164035942
-4718.24798017692
-4741.96630062295
-4754.51527763785
-4754.84304670432
-4756.16642863397
-4748.24644337333
-4729.64489041374
-4713.70910435484
-4710.3886138956
-4719.6263200664
-4738.13937054555
-4762.4128010872
-4779.10174120667
-4778.36901156072
-4767.06750755465
-4766.99078699328
-4778.51967561305
-4780.969452508
-4772.85561019573
-4757.10336039801
-4744.24382937282
-4744.81691403383
-4747.7942635258
-4750.60925760322
-4754.88942475657
-4754.87289849254
-4754.55926493033
-4745.64393261731
-4735.17862699422
-4737.38898513774
-4749.66785639284
-4753.98790460795
-4744.80826041904
-4735.1434777915
-4730.29617888855
-4728.06636558306
-4730.0432038228
-4730.5562853277
-4729.32855877566
-4729.3624958662
-4743.1196272633
-4756.38609032683
-4760.11937733645
-4759.59342233039
-4764.45847024719
-4768.42411856646
-4754.87577348473
-4742.15788554147
-4746.4531237008
-4752.08257649547
-4747.86911614708
-4741.84644326793
-4736.55296579463
-4735.5291013516
-4738.96791014619
-4740.6906629499
-4745.00377892968
-4749.98614321282
-4757.73246354969
-4763.95346843206
-4768.54163101053
-4771.34054637719
-4766.99639758366
-4765.74154265042
-4766.88903490551
-4768.30516065988
-4766.40680705521
-4761.41388595163
-4753.48150099837
-4737.04665032221
-4720.41985533797
-4717.17312818771
-4724.4850708339
-4730.99636466211
-4731.10523289153
-4733.21776372622
-4739.28004204807
-4741.26756677213
-4730.22191485101
-4706.04311554376
-4688.73709302395
-4687.89205147347
-4699.41842151357
-4717.42049002947
-4735.02753457765
-4742.61272783648
-4731.27477365253
-4713.73606781163
-4709.79423337324
-4725.86079692897
-4742.35374199248
-4745.4651977979
-4739.1739628662
-4732.57474986122
-4735.3125509158
-4750.324220433
-4765.59972366455
-4763.68766770996
-4750.59333066095
-4743.24794777158
-4745.19683948392
-4757.95182321028
-4771.37150927687
-4773.72031080581
-4758.44366485735
-4741.67959061032
-4743.79767009688
-4757.79754600408
-4760.36128607986
-4744.6858031031
-4723.12679480567
-4712.23465858873
-4715.82221816569
-4718.73386179781
-4715.35828769842
-4707.93340633834
-4703.47596846381
-4706.95460934712
-4718.92011858907
-4735.99945084714
-4740.14362092079
-4735.69922633067
-4724.01532283917
-4716.89674618214
-4722.5046615353
-4728.75146756226
-4725.09136075309
-4717.88182179757
-4718.18653839231
-4722.30321210142
-4726.77945562553
-4729.87820883995
-4730.20354182314
-4733.22630549172
-4738.89857851615
-4739.42553961212
-4737.34170948279
-4738.69517281324
-4745.03009587591
-4750.93297846978
-4751.98582965379
-4741.08826631491
-4733.72284045384
-4733.45030202991
-4734.70406997699
-4733.86897466245
-4725.64284929805
-4723.24161068351
-4736.06962863214
-4751.01034655209
-4761.92928487551
-4762.42846302132
-4757.15979949881
-4756.3569227409
-4758.48152948198
-4764.80170096761
-4759.23943833097
-4745.62595057581
-4735.48656799386
-4727.68085204758
-4724.47160668484
-4729.56843519828
-4731.96316946945
-4728.39422312975
-4720.20177691068
-4716.74302547149
-4721.9045128027
-4723.12065659758
-4712.98747483037
-4699.03761072174
-4695.74089914458
-4702.41522161784
-4726.76258428292
-4746.88014010061
-4754.48024659422
-4759.49642223353
-4759.85727066995
-4752.64787565085
-4740.97627882317
-4733.16648789907
-4731.871692937
-4729.32043520683
-4729.27405039013
-4736.49234304463
-4740.58510642287
-4733.48352062364
-4730.78185129693
-4741.79905324227
-4760.32301662484
-4770.17214726226
-4760.52685933744
-4745.17062493029
-4743.509156562
-4750.43015741767
-4749.82852950141
-4741.7501446977
-4736.08592675213
-4735.74394683798
-4739.54302923828
-4745.45720169535
-4748.51582515209
-4748.40365999634
-4749.90253337284
-4744.62707026135
-4736.62112833154
-4732.47371733313
-4728.97365591129
-4722.88189029029
-4714.5489288079
-4706.03423339727
-4699.04091719995
-4702.75542856734
-4720.78522521189
-4736.27567316814
-4743.74098311947
-4754.26582285545
-4761.38553270898
-4754.90262555056
-4746.01932927833
-4742.78775460936
-4747.25851589956
-4749.86749877232
-4744.75451626786
-4736.9664904907
-4728.79568781973
-4723.99099047483
-4719.51956346047
-4719.01558296756
-4721.70982113249
-4727.75238330072
-4732.12863312709
-4730.05611517083
-4735.77115511126
-4749.73550105855
-4756.7916586194
-4755.65723660937
-4747.80549857355
-4739.94630502977
-4735.77957193045
-4732.07581594099
-4729.11643207898
-4732.6101829618
-4738.66185575792
-4741.02071828189
-4737.04655477178
-4733.10545831939
-4729.60376747094
-4730.41954598757
-4743.75355697126
-4754.67756231511
-4755.58570525471
-4752.10234656434
-4753.11412254059
-4754.16563943557
-4743.85115528171
-4728.17486185566
-4719.9054207947
-4722.2563690049
-4725.82221247469
-4729.20644827267
-4732.60444897933
-4735.01204844057
-4731.96929906577
-4724.2535207975
-4721.8425175757
-4728.09188104268
-4734.92666687545
-4737.08928675216
-4737.94985870904
-4742.37103775785
-4751.47741904315
-4760.12624218923
-4758.25439634448
-4751.39151857757
-4745.16736987448
-4741.44021381521
-4746.86155610147
-4749.63815029324
-4740.01181634188
-4731.68765528059
-4733.82788800589
-4739.88803173961
-4738.89168638401
-4726.16032598691
-4719.88218986062
-4718.2306412348
-4716.78649488263
-4713.71919202446
-4722.30843137402
-4730.7360719373
-4729.05863865034
-4731.82436947478
-4732.73142256156
-4729.09001384439
-4720.88544043203
-4709.49121173825
-4705.86341132696
-4716.30047250341
-4728.75987575401
-4724.15122074305
-4717.20717764042
-4733.26163549536
-4750.71186583251
-4756.38693198988
-4752.06224191416
-4749.16486998332
-4755.72063471807
-4759.44428915623
-4749.32244153499
-4730.88156620532
-4724.7608804044
-4732.80413143344
-4748.8709887174
-4757.93193359023
-4752.60795974993
-4746.48232484961
-4740.40416766564
-4737.51185553412
-4741.74826243794
-4746.2468219992
-4741.29165283367
-4740.20059577622
-4746.89446484223
-4753.40218689342
-4754.06825729047
-4750.60226613579
-4750.53107457883
-4751.27060625301
-4748.10137150282
-4740.72606394962
-4732.03093233338
-4724.01477229188
-4711.9241085911
-4703.79781066566
-4709.26305309794
-4720.00630916898
-4730.90915745941
-4735.52321051197
-4735.92772097829
-4735.27809845687
-4726.70245844729
-4714.21441081304
-4710.94213326908
-4716.09849321208
-4720.09012198242
-4721.01755750794
-4720.34285343373
-4721.5063650562
-4722.2019183257
-4727.62423564376
-4735.76276366102
-4738.09572078565
-4728.38540864376
-4718.61440794431
-4721.15372380411
-4729.35166526987
-4732.56461298546
-4732.21717227011
-4735.93737207182
-4740.20499278839
-4742.03672746614
-4743.95878918384
-4747.03117921894
-4751.65503787203
-4743.22224773008
-4729.34837370676
-4722.26093114646
-4719.65051757025
-4710.92455253628
-4703.13574176068
-4696.74250175389
-4695.62205166013
-4699.70735145738
-4704.5842311583
-4710.49709159363
-4723.03350955847
-4737.32365124545
-4756.38844802345
-4766.28815927689
-4762.87074301517
-4762.14705548732
-4771.45696629454
-4772.08123396825
-4767.15168533307
-4761.58171177521
-4746.34530851441
-4735.49107196805
-4740.80568016237
-4751.71358788396
-4762.29770815796
-4763.33611500326
-4762.72766253302
-4760.95277458157
-4758.525032645
-4763.2611426528
-4763.32063894913
-4758.35457343674
-4753.51949110089
-4743.90840090701
-4735.13787690164
-4736.99989373262
-4740.3130424255
-4735.67768323371
-4732.64046323114
-4729.50710014469
-4732.4639915691
-4751.4441879953
-4768.67188466502
-4772.52667755642
-4767.20443665678
-4764.93619234176
-4764.51467207937
-4753.06007383794
-4737.66914554193
-4728.89312796762
-4736.62805740131
-4743.08627060246
-4733.06341944192
-4725.04095239955
-4724.80222107867
-4719.63072008415
-4718.65783281539
-4730.5073090624
-4735.39538325341
-4732.20360179129
-4732.52709703145
-4739.07002906916
-4746.67237685217
-4749.16015027146
-4751.85934007372
-4756.9664573118
-4755.17878843758
-4740.33572286497
-4727.3131158516
-4727.93204358956
-4735.33822415705
-4743.90254087973
-4745.13856325324
-4740.09284019216
-4739.46838756733
-4739.87101642638
-4733.72325183913
-4728.28280184289
-4722.47018912469
-4709.66208793233
-4700.40131398262
-4697.46793148085
-4693.13240306781
-4693.13251574893
-4700.54595377321
-4713.50887178221
-4721.33852239134
-4728.08678425137
-4736.77841287743
-4747.23423843795
-4750.58385461114
-4743.39460209258
-4737.78508203992
-4737.55161268812
-4739.10911032173
-4747.75355208982
-4765.06735677997
-4772.45898293841
-4761.68764571084
-4742.92469964631
-4724.73375906013
-4713.82716754612
-4709.23507198582
-4712.00539728856
-4723.61818610803
-4734.16240458345
-4732.02958897297
-4724.74341990503
-4722.12494708547
-4720.51972400902
-4725.87202883209
-4733.61852023295
-4736.24047940841
-4739.90038199722
-4738.89478896629
-4734.32483998818
-4726.95657888577
-4725.64629342153
-4733.28944605012
-4739.91934100748
-4738.68003091361
-4739.03469874878
-4746.09545760893
-4743.69762796855
-4739.56924086785
-4737.34333170952
-4736.33858579217
-4731.7747607478
-4726.54512840324
-4720.39199986273
-4717.54371671617
-4721.69025571015
-4724.020225811
-4722.36204418233
-4720.5634694603
-4722.03035592344
-4726.17069017949
-4727.97330893031
-4731.24106682432
-4739.82111803554
-4744.33334593537
-4740.21536129459
-4728.28510957816
-4712.63926512291
-4708.92392638262
-4714.48768708868
-4719.40420734593
-4721.9972326789
-4726.69544794916
-4733.30610721467
-4732.49807316731
-4728.44753257738
-4728.08079157864
-4729.94774074112
-4732.9593301576
-4734.40784536275
-4734.33433233146
-4730.78256577204
-4733.14840940129
-4741.46584387593
-4741.44297565609
-4734.58349290452
-4726.65868967782
-4724.85956422651
-4735.96136768989
-4746.75247116688
-4741.04580883351
-4726.86707337824
-4718.57264966883
-4715.58670277972
-4709.70383252059
-4704.51447759787
-4714.86716428716
-4734.68041226349
-4751.39445709311
-4759.59479424595
-4754.90187806899
-4745.01199444601
-4735.83327273691
-4732.82928237635
-4735.84450659093
-4734.50703084657
-4735.3231865783
-4743.44600059004
-4741.23938830917
-4726.29837583556
-4711.5081536811
-4709.59978797881
-4725.54010084098
-4735.43760448434
-4726.93173758715
-4707.03873409957
-4698.80408664235
-4708.92338487733
-4719.41597797798
-4726.14160800727
-4736.31083696604
-4740.17227805408
-4731.68855149066
-4722.20745821925
-4730.77816194889
-4747.19121727794
-4754.22159008967
-4759.01802314675
-4766.4163587138
-4766.89321777457
-4762.49975080434
-4757.02389758556
-4750.45719448253
-4745.08266698193
-4740.801366702
-4733.69233593867
-4718.31782636456
-4699.15195091409
-4690.55036786969
-4690.2147734745
-4693.21585689248
-4695.13183557695
-4706.71086918322
-4728.84103134945
-4745.85934960105
-4747.93545950627
-4740.28067285766
-4733.48688895733
-4731.97381007335
-4734.14292480495
-4743.57246601741
-4747.92170072634
-4744.41194816084
-4741.01996342756
-4736.49759258593
-4726.99185444495
-4719.16954816874
-4722.27330849072
-4723.91018647421
-4721.71646086569
-4718.86547567071
-4722.23892164744
-4735.50402878072
-4743.63668064074
-4745.694129473
-4750.05960678664
-4746.98578960494
-4746.74202710938
-4745.46090798024
-4739.15558974915
-4734.01247910304
-4733.5981488087
-4732.92323733931
-4724.64519278557
-4718.72256297901
-4721.51010186607
-4727.4660039594
-4730.69630757837
-4732.60240695705
-4728.92880795054
-4724.32810121822
-4725.00441624901
-4722.35568206692
-4716.16451558642
-4717.57020995516
-4722.66742942425
-4726.42284298456
-4725.01177395235
-4720.82880007146
-4723.58397412702
-4731.78733172716
-4742.33592499608
-4747.35548346574
-4746.57410299794
-4741.67052504483
-4739.55800527732
-4740.73192401057
-4740.01079202162
-4739.41766709473
-4738.87730598949
-4735.64431420862
-4732.38873252827
-4731.14684211672
-4732.37413597918
-4731.7489772304
-4726.73156562347
-4722.79977107478
-4726.25775077618
-4727.53389288868
-4728.62053294785
-4730.68891713939
-4728.81822375029
-4727.01073054192
-4727.02926617899
-4727.50248188567
-4730.9502558853
-4732.71054139765
-4724.17932431117
-4711.95553936444
-4713.20534721902
-4732.08598030047
-4744.87781396766
-4741.26628948182
-4735.883901551
-4727.59363121407
-4711.92537807613
-4704.01460765835
-4709.57944410278
-4723.32293082917
-4731.94636423636
-4725.48826375187
-4718.11505756309
-4713.80487303848
-4712.215209501
-4722.15351013387
-4734.27294412299
-4738.09581331317
-4741.79392900003
-4743.85722855934
-4735.85127652209
-4722.30402909384
-4722.01802236626
-4728.69085134041
-4729.54384495314
-4724.46690283577
-4711.67322185067
-4697.73320334235
-4700.6534512496
-4711.81665639524
-4715.47769798717
-4716.32719753303
-4730.21236959817
-4752.41138125868
-4764.39438772598
-4758.05089842011
-4741.16223784007
-4722.21127516865
-4710.90841253038
-4710.74187780587
-4715.27841876171
-4721.9497378159
-4738.47749389444
-4757.10457378792
-4762.16501350479
-4750.60232636266
-4741.37550142859
-4738.97181157569
-4735.74338872032
-4725.70281475575
-4714.3740961608
-4713.64743790936
-4722.86791367184
-4731.53342686511
-4731.25424750181
-4728.39619312571
-4722.74160301095
-4718.97944781134
-4723.8224647342
-4731.55625832167
-4729.64276932695
-4717.02130125975
-4705.56470529514
-4705.36449166781
-4712.4492823066
-4723.13295179454
-4726.38634816927
-4719.57965135131
-4712.81674420424
-4708.87431746311
-4707.30847473214
-4715.49288243879
-4729.20964751119
-4737.80203037792
-4734.10065400079
-4721.49538515909
-4717.19558112921
-4723.539408369
-4733.59318783288
-4746.76302475972
-4754.91897172678
-4750.16663539
-4750.00134999374
-4763.75470911414
-4780.00360038905
-4782.84722690215
-4765.55863939567
-4740.47606177732
-4727.30952363209
-4730.97431726207
-4737.14148853734
-4738.08641504495
-4734.99178671578
-4730.40489767674
-4727.57265587244
-4728.23617135763
-4730.59852484454
-4728.70582792422
-4724.00172025118
-4733.25131715848
-4744.14241044897
-4756.40552437723
-4769.31050995085
-4766.84531320263
-4750.71386382037
-4732.52637608677
-4721.21160199093
-4724.49255676516
-4731.38433444498
-4736.44390701169
-4728.57336389428
-4721.40142225411
-4718.76731018104
-4721.75988500726
-4724.66727375245
-4728.2699647578
-4736.28390077294
-4743.18149496601
-4749.6390762313
-4757.09572582526
-4757.87825165159
-4748.85696423002
-4738.28509864456
-4727.0774457489
-4719.88862388165
-4718.6052173811
-4718.92314477514
-4715.08040430309
-4704.00158300263
-4694.60780970523
-4704.09757929862
-4725.49302249264
-4737.54871581059
-4743.13101827458
-4751.32096263893
-4752.28864668172
-4744.78109636996
-4738.78647395407
-4735.83604007686
-4734.70372754208
-4729.0588724011
-4722.3080857996
-4721.74197207496
-4726.62910905164
